0.75 0.20 1.09 0.5 -0.56 -0.15 -0.81 0.72 -0.46 0.53 0 0
-1.42 -0.95 1.94 0.5 0.55 0.37 -0.75 -0.45 0.08 0.89 0 1
1.20 -1.38 0.38 0.5 -0.64 0.74 -0.20 0.75 -0.34 0.57 0 0
0.07 1.38 -0.04 0.5 -0.05 -1.00 0.03 -0.59 0.81 -0.05 0 0
-0.59 -1.66 -1.87 0.5 0.23 0.65 0.73 -0.70 -0.56 -0.45 0 0
0.44 0.80 1.10 0.5 -0.31 -0.56 -0.77 0.36 0.89 -0.27 0 1
-2.04 2.85 0.89 0.5 0.56 -0.79 -0.25 0.49 -0.87 0.01 0 0
0.08 1.30 -0.03 0.5 -0.06 -1.00 0.02 -0.65 0.75 0.12 0 0
0.54 0.67 -1.72 0.5 -0.28 -0.35 0.89 -0.83 -0.54 -0.12 0 1
1.17 -0.56 2.21 0.5 -0.46 0.22 -0.86 0.04 0.30 -0.95 0 1
0.53 1.09 -2.06 0.5 -0.22 -0.46 0.86 -0.98 0.04 0.21 0 0
-0.52 -1.46 0.73 0.5 0.30 0.85 -0.43 -0.24 -0.78 0.58 0 1
-2.16 2.29 -0.27 0.5 0.68 -0.73 0.08 0.77 0.30 0.57 0 1
-0.18 1.10 -0.42 0.5 0.15 -0.92 0.35 -0.86 0.48 0.16 0 0
1.55 0.54 0.04 0.5 -0.94 -0.33 -0.03 -0.67 0.70 -0.23 0 1
-0.20 -1.06 0.15 0.5 0.18 0.97 -0.14 -0.63 -0.57 -0.53 0 1
-0.41 -1.86 -2.39 0.5 0.13 0.61 0.78 0.37 -0.54 0.76 0 1
-0.97 1.59 -0.45 0.5 0.51 -0.83 0.24 0.70 0.60 0.39 0 1
-0.79 1.38 0.83 0.5 0.44 -0.77 -0.46 0.01 0.71 -0.70 0 0
-0.32 -0.90 -0.59 0.5 0.28 0.80 0.53 0.46 -0.48 0.75 0 0
0.27 -2.07 3.38 0.5 -0.07 0.52 -0.85 -0.10 -0.62 0.78 0 0
3.71 0.76 0.43 0.5 -0.97 -0.20 -0.11 -0.54 0.80 0.25 0 0
-0.63 0.92 2.78 0.5 0.21 -0.31 -0.93 0.83 0.26 -0.49 0 0
0.90 -3.04 1.92 0.5 -0.24 0.82 -0.52 0.44 -0.84 0.32 0 1
-0.62 3.65 0.49 0.5 0.17 -0.98 -0.13 -0.72 0.69 -0.05 0 0
-1.91 1.23 -1.18 0.5 0.75 -0.48 0.46 -0.92 -0.35 0.18 0 0
2.24 0.02 1.13 0.5 -0.89 -0.01 -0.45 -0.49 0.59 0.64 0 1
2.66 0.58 0.99 0.5 -0.92 -0.20 -0.34 0.60 -0.52 0.61 0 1
-2.33 -1.76 -1.44 0.5 0.72 0.54 0.44 -0.63 -0.28 -0.72 0 0
1.20 0.01 0.72 0.5 -0.86 -0.01 -0.52 0.55 0.72 -0.42 0 0
-0.32 1.58 -0.22 0.5 0.20 -0.97 0.13 0.73 -0.34 0.59 0 0
-1.79 -2.32 2.55 0.5 0.46 0.60 -0.66 0.33 0.71 -0.62 0 0
0.31 -0.79 -2.84 0.5 -0.10 0.27 0.96 -0.33 0.02 0.94 0 1
0.48 -0.16 -1.03 0.5 -0.42 0.14 0.90 0.52 0.82 -0.26 0 1
-0.56 -1.98 -2.13 0.5 0.19 0.67 0.72 -0.79 -0.39 0.46 0 1
2.12 0.13 -1.41 0.5 -0.83 -0.05 0.55 -0.34 0.17 0.93 0 1
2.00 0.43 -0.67 0.5 -0.93 -0.20 0.31 -0.21 0.87 -0.44 0 1
1.90 1.06 0.49 0.5 -0.85 -0.47 -0.22 -0.82 -0.22 0.53 0 1
0.31 0.49 1.69 0.5 -0.17 -0.28 -0.95 0.63 0.14 0.77 0 1
-0.65 0.02 -1.30 0.5 0.45 -0.02 0.90 0.44 -0.01 -0.90 0 0
0.35 0.42 -1.14 0.5 -0.28 -0.33 0.90 -0.38 0.16 0.91 0 0
3.86 -0.09 -0.73 0.5 -0.98 0.02 0.19 -0.69 -0.66 0.28 0 1
-2.10 -2.39 -1.09 0.5 0.63 0.71 0.32 -0.11 -0.95 0.30 0 0
-1.77 0.33 1.35 0.5 0.79 -0.15 -0.60 0.89 -0.45 0.04 0 0
0.77 -0.18 -0.74 0.5 -0.71 0.16 0.68 0.86 0.17 -0.47 0 1
-0.32 2.76 0.50 0.5 0.11 -0.98 -0.18 -0.82 -0.05 -0.57 0 1
0.27 -3.90 -0.03 0.5 -0.07 1.00 0.01 0.15 0.30 0.94 0 1
-0.53 -1.36 -0.27 0.5 0.36 0.92 0.18 -0.45 0.56 -0.70 0 1
1.52 -3.37 -0.96 0.5 -0.40 0.88 0.25 0.42 -0.70 -0.57 0 0
3.24 0.70 2.18 0.5 -0.82 -0.18 -0.55 0.08 -0.13 -0.99 0 0
-1.06 -2.86 0.31 0.5 0.35 0.93 -0.10 0.78 0.20 0.59 0 1
-2.34 1.71 0.22 0.5 0.80 -0.59 -0.08 0.56 -0.66 -0.50 0 1
-2.34 1.24 -0.98 0.5 0.83 -0.44 0.35 0.29 0.46 -0.84 0 0
1.13 -2.11 2.09 0.5 -0.35 0.66 -0.66 -0.75 -0.16 0.64 0 0
0.31 -3.70 -0.18 0.5 -0.08 1.00 0.05 0.27 -0.74 -0.62 0 0
2.88 0.42 -1.46 0.5 -0.88 -0.13 0.45 -0.11 0.67 -0.74 0 0
1.12 3.41 1.42 0.5 -0.29 -0.88 -0.37 -0.22 0.77 -0.60 0 0
2.79 -0.55 -0.68 0.5 -0.95 0.19 0.23 -0.52 -0.25 -0.81 0 0
2.15 1.00 0.64 0.5 -0.88 -0.41 -0.26 0.45 0.73 0.51 0 0
1.35 -1.36 -2.84 0.5 -0.39 0.40 0.83 0.61 0.28 0.74 0 1
1.45 0.29 0.09 0.5 -0.98 -0.20 -0.06 0.18 -0.41 -0.89 0 1
0.24 -0.95 -0.28 0.5 -0.23 0.93 0.28 0.69 0.47 -0.55 0 0
-0.59 -3.38 -1.63 0.5 0.15 0.89 0.43 0.19 -0.94 0.28 0 1
2.31 -0.02 -0.36 0.5 -0.99 0.01 0.15 0.50 0.10 0.86 0 1
-1.36 2.86 -0.32 0.5 0.43 -0.90 0.10 0.01 0.74 0.68 0 0
-1.01 1.26 -0.37 0.5 0.61 -0.76 0.22 0.62 -0.28 0.73 0 1
-2.25 0.25 -0.53 0.5 0.97 -0.11 0.23 -0.72 -0.62 -0.31 0 0
-0.26 -1.25 1.61 0.5 0.13 0.61 -0.78 -0.88 0.46 0.15 0 0
-1.08 -0.94 -0.90 0.5 0.64 0.55 0.53 -0.72 0.13 -0.68 0 1
3.12 -0.47 -1.33 0.5 -0.91 0.14 0.39 0.68 0.67 0.29 0 0
1.88 -2.51 2.03 0.5 -0.50 0.67 -0.54 -0.96 -0.01 0.29 0 1
-0.81 -0.53 0.49 0.5 0.75 0.49 -0.45 0.25 -0.68 0.69 0 0
-1.45 -2.28 -1.47 0.5 0.47 0.74 0.48 -0.99 0.13 0.10 0 1
1.47 0.99 -1.07 0.5 -0.71 -0.48 0.52 -0.58 0.77 -0.26 0 0
-2.98 0.21 -0.05 0.5 1.00 -0.07 0.02 -0.60 -0.35 0.72 0 1
-2.24 0.93 -0.86 0.5 0.87 -0.36 0.34 -0.23 0.87 0.43 0 0
-0.51 1.51 -2.01 0.5 0.20 -0.59 0.78 0.61 -0.53 0.59 0 0
1.22 2.13 -1.22 0.5 -0.44 -0.78 0.45 -0.39 0.73 0.56 0 0
-1.21 1.54 -0.99 0.5 0.55 -0.70 0.45 0.83 -0.12 -0.55 0 1
-0.23 -2.32 -0.37 0.5 0.10 0.98 0.16 -0.52 0.08 -0.85 0 0
0.09 -2.76 0.24 0.5 -0.03 1.00 -0.09 -0.21 0.35 -0.91 0 1
1.66 0.54 0.42 0.5 -0.92 -0.30 -0.24 0.68 -0.14 0.71 0 1
-0.69 -0.84 -1.41 0.5 0.39 0.47 0.79 0.35 0.79 0.49 0 1
-2.25 -1.39 -0.71 0.5 0.82 0.51 0.26 -0.62 -0.58 0.52 0 1
-0.02 0.11 -0.99 0.5 0.02 -0.11 0.99 -0.06 -0.27 0.96 0 1
0.38 -1.29 -0.12 0.5 -0.28 0.96 0.09 0.57 0.76 0.31 0 1
1.61 -1.98 0.95 0.5 -0.59 0.73 -0.35 -0.66 0.62 -0.44 0 0
1.63 -1.68 -0.83 0.5 -0.66 0.68 0.33 0.56 -0.57 0.60 0 1
-2.40 0.58 -1.91 0.5 0.77 -0.19 0.61 0.79 0.61 0.11 0 1
0.47 0.64 -0.78 0.5 -0.42 -0.57 0.70 0.02 0.47 0.88 0 0
-2.89 -0.74 1.18 0.5 0.90 0.23 -0.37 -0.40 -0.72 0.57 0 1
0.26 -0.29 -1.99 0.5 -0.13 0.14 0.98 0.87 -0.49 0.11 0 1
-1.39 2.39 -1.04 0.5 0.47 -0.81 0.35 0.64 0.47 -0.62 0 0
-0.73 0.11 -1.52 0.5 0.43 -0.07 0.90 0.74 -0.12 -0.67 0 0
0.11 -1.68 0.87 0.5 -0.06 0.89 -0.46 -0.73 0.61 0.30 0 1
1.86 1.79 -0.33 0.5 -0.72 -0.69 0.13 0.53 -0.61 -0.59 0 1
0.90 1.38 -2.88 0.5 -0.27 -0.42 0.87 -0.19 0.98 0.07 0 0
0.26 -1.95 -0.78 0.5 -0.12 0.92 0.37 -0.15 0.60 -0.78 0 1
-1.07 -1.94 -0.44 0.5 0.47 0.86 0.20 0.06 0.68 0.73 0 0
-1.91 0.11 0.23 0.5 0.99 -0.06 -0.12 0.04 -0.96 0.27 0 0
-0.57 -0.75 -2.13 0.5 0.24 0.32 0.91 0.45 -0.86 -0.22 0 0
-0.94 1.28 0.38 0.5 0.57 -0.79 -0.23 0.54 -0.65 0.53 0 0
1.77 2.00 0.80 0.5 -0.64 -0.72 -0.29 0.32 -0.40 0.86 0 0
1.58 -1.29 -2.55 0.5 -0.48 0.40 0.78 0.72 0.68 -0.11 0 1
-2.52 -2.06 1.93 0.5 0.67 0.54 -0.51 -0.42 -0.83 0.37 0 0
-2.55 1.14 -0.53 0.5 0.90 -0.40 0.19 -0.00 -1.00 -0.04 0 0
1.07 0.50 0.01 0.5 -0.91 -0.42 -0.01 -0.41 0.87 -0.27 0 1
-1.26 1.14 -0.66 0.5 0.69 -0.63 0.36 0.22 0.57 0.79 0 0
0.09 1.90 -0.85 0.5 -0.04 -0.91 0.41 -0.16 0.85 0.49 0 1
0.70 2.30 -2.61 0.5 -0.20 -0.65 0.74 0.89 0.33 0.33 0 1
-0.99 0.35 1.70 0.5 0.50 -0.17 -0.85 1.00 0.00 0.10 0 1
1.38 0.76 0.74 0.5 -0.79 -0.44 -0.42 0.36 -0.60 0.71 0 1
1.25 -0.90 -0.17 0.5 -0.81 0.58 0.11 -0.64 0.54 0.55 0 0
-1.81 -1.13 2.16 0.5 0.60 0.37 -0.71 -0.05 0.34 -0.94 0 0
0.56 3.12 2.05 0.5 -0.15 -0.83 -0.54 0.62 0.67 0.42 0 0
2.66 -0.63 0.72 0.5 -0.94 0.22 -0.26 0.69 -0.36 -0.63 0 1
1.97 1.08 0.96 0.5 -0.81 -0.44 -0.39 0.59 0.21 -0.78 0 1
-1.39 -1.36 -1.90 0.5 0.51 0.50 0.70 -0.06 -0.60 0.80 0 1
-1.33 1.16 2.92 0.5 0.39 -0.34 -0.86 -0.50 0.02 -0.86 0 1
1.55 -2.37 2.77 0.5 -0.39 0.60 -0.70 -0.20 0.56 0.81 0 1
2.37 -2.60 -1.45 0.5 -0.62 0.68 0.38 0.64 -0.70 0.33 0 1
-1.67 -1.01 -2.62 0.5 0.51 0.31 0.80 0.82 -0.20 0.54 0 0
1.71 2.89 1.46 0.5 -0.47 -0.79 -0.40 0.17 -0.65 0.74 0 1
-0.76 -1.70 -2.62 0.5 0.24 0.53 0.82 -0.31 0.37 -0.88 0 0
3.21 -1.55 -1.42 0.5 -0.84 0.40 0.37 -0.67 0.06 0.74 0 0
-2.42 -1.36 1.03 0.5 0.82 0.46 -0.35 0.45 0.80 0.39 0 0
1.54 0.26 0.26 0.5 -0.97 -0.16 -0.16 -0.25 0.96 0.09 0 0
-0.13 -0.60 -1.31 0.5 0.09 0.41 0.91 0.05 -0.77 -0.63 0 0
-0.93 0.33 -1.61 0.5 0.49 -0.18 0.85 0.29 0.58 -0.76 0 1
0.07 -2.36 2.46 0.5 -0.02 0.69 -0.72 0.56 -0.60 -0.57 0 1
0.80 1.34 2.84 0.5 -0.25 -0.41 -0.88 -0.34 -0.57 -0.74 0 0
1.84 -0.42 1.20 0.5 -0.82 0.19 -0.54 -0.95 0.31 -0.02 0 0
-1.73 -2.09 -2.74 0.5 0.45 0.54 0.71 0.07 -0.84 -0.54 0 1
-1.20 -1.70 0.19 0.5 0.57 0.81 -0.09 -0.49 -0.30 -0.82 0 1
0.31 -2.10 0.37 0.5 -0.14 0.97 -0.17 0.30 0.75 -0.59 0 0
-2.84 0.48 -1.49 0.5 0.88 -0.15 0.46 -0.60 -0.45 0.66 0 0
0.65 0.57 0.91 0.5 -0.52 -0.45 -0.73 0.70 0.21 0.68 0 1
-0.29 0.32 -1.35 0.5 0.20 -0.23 0.95 -0.81 0.55 -0.23 0 0
1.05 1.78 2.77 0.5 -0.30 -0.52 -0.80 -0.42 0.51 -0.75 0 1
-0.62 3.30 -0.11 0.5 0.18 -0.98 0.03 0.62 0.54 -0.57 0 0
-0.82 -1.91 0.51 0.5 0.38 0.89 -0.24 -0.13 0.50 -0.86 0 0
-0.49 0.91 -0.66 0.5 0.40 -0.74 0.54 0.64 -0.33 -0.69 0 1
1.05 -0.69 -1.87 0.5 -0.47 0.30 0.83 -0.95 -0.29 0.11 0 0
2.87 -2.34 -0.60 0.5 -0.77 0.62 0.16 -0.39 0.63 -0.67 0 1
-0.32 1.29 1.24 0.5 0.17 -0.71 -0.68 0.73 -0.61 0.31 0 1
1.11 0.91 3.11 0.5 -0.32 -0.27 -0.91 0.23 0.90 0.37 0 0
-0.53 -0.14 1.77 0.5 0.29 0.08 -0.95 0.69 0.10 0.72 0 0
-2.00 1.81 2.35 0.5 0.56 -0.51 -0.66 0.65 -0.44 0.62 0 1
-0.76 -0.46 1.81 0.5 0.38 0.23 -0.90 -0.51 -0.57 0.64 0 1
-0.58 0.53 1.01 0.5 0.45 -0.42 -0.79 0.51 -0.80 0.30 0 0
-1.04 -0.85 1.76 0.5 0.47 0.38 -0.80 0.48 -0.82 -0.32 0 0
0.55 -2.15 1.02 0.5 -0.23 0.88 -0.42 0.58 0.45 0.68 0 0
-0.48 -1.53 -2.69 0.5 0.15 0.49 0.86 0.70 0.71 -0.10 0 0
-0.41 0.21 1.83 0.5 0.22 -0.11 -0.97 -0.75 0.65 0.10 0 1
-2.65 -0.77 -0.65 0.5 0.93 0.27 0.23 0.74 -0.64 -0.18 0 0
-2.65 0.23 -0.69 0.5 0.96 -0.08 0.25 0.56 -0.36 0.75 0 0
0.59 -1.01 -0.37 0.5 -0.48 0.82 0.30 -0.80 0.59 -0.07 0 1
-0.88 2.66 0.12 0.5 0.31 -0.95 -0.04 -0.09 -0.81 -0.59 0 1
-1.16 0.95 1.54 0.5 0.54 -0.44 -0.72 0.97 0.04 -0.22 0 0
0.88 -2.48 2.44 0.5 -0.25 0.69 -0.68 0.73 0.64 -0.25 0 0
-1.65 2.02 -1.07 0.5 0.59 -0.72 0.38 0.49 -0.58 0.65 0 0
-1.61 -0.31 2.54 0.5 0.53 0.10 -0.84 0.49 0.75 0.44 0 0
0.46 -1.77 0.47 0.5 -0.24 0.94 -0.25 -0.64 -0.73 -0.24 0 1
1.45 -1.01 -1.25 0.5 -0.67 0.47 0.58 -0.02 0.15 0.99 0 0
0.30 2.35 1.80 0.5 -0.10 -0.79 -0.61 0.77 0.02 -0.64 0 0
-2.18 1.80 -1.54 0.5 0.68 -0.56 0.48 0.24 0.63 -0.74 0 0
-1.02 1.00 -2.15 0.5 0.40 -0.39 0.83 0.04 0.92 -0.39 0 0
-1.16 0.94 1.47 0.5 0.55 -0.45 -0.70 -0.96 0.29 0.03 0 1
3.06 0.77 -2.40 0.5 -0.77 -0.20 0.60 -0.43 -0.56 0.71 0 0
-0.65 -0.91 1.10 0.5 0.41 0.58 -0.70 -0.23 -0.35 -0.91 0 0
-0.44 -0.86 2.62 0.5 0.16 0.31 -0.94 0.60 -0.23 -0.77 0 0
1.15 2.57 2.13 0.5 -0.33 -0.73 -0.60 0.12 -0.92 -0.37 0 0
1.21 -1.97 1.06 0.5 -0.48 0.77 -0.42 0.34 0.17 -0.92 0 1
-1.75 0.11 -1.90 0.5 0.68 -0.04 0.74 -0.16 0.95 0.27 0 0
-0.48 0.99 -0.56 0.5 0.38 -0.81 0.45 0.35 -0.57 0.74 0 0
3.07 -0.84 -0.49 0.5 -0.95 0.26 0.15 -0.86 -0.24 0.45 0 0
2.68 2.31 0.08 0.5 -0.76 -0.65 -0.02 -0.92 -0.25 -0.31 0 1
-0.01 2.00 2.47 0.5 0.00 -0.63 -0.78 -0.20 0.40 -0.90 0 0
-0.34 1.00 0.73 0.5 0.26 -0.78 -0.57 0.30 -0.50 -0.82 0 0
1.30 2.16 0.33 0.5 -0.51 -0.85 -0.13 -0.65 0.48 -0.59 0 0
1.19 -2.19 -0.42 0.5 -0.47 0.87 0.17 0.46 0.42 -0.78 0 1
0.61 -2.15 1.32 0.5 -0.23 0.83 -0.51 0.21 0.92 -0.33 0 1
2.85 -1.43 -1.47 0.5 -0.81 0.41 0.42 0.61 -0.52 -0.60 0 1
-0.22 -1.31 -0.98 0.5 0.13 0.79 0.59 -0.12 0.96 -0.26 0 0
-1.21 -0.97 0.66 0.5 0.72 0.58 -0.39 -0.02 0.81 -0.58 0 0
1.37 0.38 0.87 0.5 -0.82 -0.23 -0.52 0.67 0.66 -0.34 0 1
-0.39 -0.60 0.83 0.5 0.36 0.55 -0.76 -0.51 -0.73 0.46 0 1
-2.29 -0.41 -1.93 0.5 0.76 0.14 0.64 0.41 0.26 -0.87 0 0
-1.00 -1.23 0.13 0.5 0.63 0.77 -0.08 0.82 0.20 0.54 0 1
1.49 1.33 2.18 0.5 -0.51 -0.45 -0.74 0.62 -0.55 0.56 0 0
-0.05 2.70 -2.06 0.5 0.02 -0.80 0.61 -0.27 -0.75 0.61 0 1
3.60 -0.37 -0.18 0.5 -0.99 0.10 0.05 -0.95 -0.03 0.32 0 1
0.49 -1.35 -1.21 0.5 -0.26 0.72 0.64 -0.84 -0.27 0.48 0 0
-0.04 1.54 -0.77 0.5 0.02 -0.90 0.44 -0.80 -0.08 0.60 0 1
-0.62 0.76 -1.53 0.5 0.34 -0.42 0.84 -0.97 -0.20 -0.13 0 1
-2.51 -0.18 -0.73 0.5 0.96 0.07 0.28 0.35 0.87 -0.36 0 0
-2.21 0.02 0.31 0.5 0.99 -0.01 -0.14 0.42 -0.70 -0.58 0 1
-0.10 -1.32 -3.72 0.5 0.02 0.33 0.94 0.70 0.38 0.61 0 1
2.36 -0.65 -2.08 0.5 -0.73 0.20 0.65 0.75 0.33 -0.57 0 0
0.66 2.32 0.38 0.5 -0.27 -0.95 -0.15 0.54 0.22 -0.81 0 1
3.19 -0.26 -1.78 0.5 -0.87 0.07 0.49 0.70 0.35 0.62 0 1
0.27 -2.71 -0.66 0.5 -0.10 0.97 0.24 0.34 -0.59 0.73 0 1
0.08 -1.04 -0.13 0.5 -0.07 0.99 0.12 -0.74 -0.51 -0.43 0 0
1.47 0.24 -1.39 0.5 -0.72 -0.12 0.68 0.32 -0.93 -0.15 0 1
-2.91 -1.18 1.19 0.5 0.87 0.35 -0.35 -0.54 0.56 0.63 0 1
0.35 -2.07 0.76 0.5 -0.15 0.93 -0.34 -0.51 -0.46 0.72 0 1
-1.26 -0.43 2.36 0.5 0.47 0.16 -0.87 -0.43 -0.39 -0.81 0 1
2.87 -0.62 2.49 0.5 -0.74 0.16 -0.65 0.90 0.42 -0.04 0 0
1.55 1.19 -1.38 0.5 -0.65 -0.50 0.58 0.76 0.55 0.36 0 0
-1.08 -1.41 0.60 0.5 0.58 0.75 -0.32 -0.93 0.25 0.27 0 1
0.64 0.19 -0.81 0.5 -0.61 -0.18 0.77 -0.24 -0.79 -0.57 0 1
0.55 0.73 0.44 0.5 -0.54 -0.72 -0.43 -0.17 -0.66 -0.73 0 1
0.03 -1.48 2.02 0.5 -0.01 0.59 -0.81 -0.84 0.31 -0.44 0 1
-0.45 -3.25 1.17 0.5 0.13 0.93 -0.34 -0.76 -0.57 0.31 0 0
-0.86 -1.94 -2.35 0.5 0.27 0.61 0.74 0.38 -0.57 0.73 0 1
0.87 -3.03 1.54 0.5 -0.25 0.86 -0.44 -0.12 0.88 0.46 0 0
1.36 -0.41 -0.31 0.5 -0.94 0.28 0.21 0.39 -0.92 0.06 0 1
0.22 -1.54 -0.54 0.5 -0.14 0.93 0.33 0.12 0.57 0.81 0 0
-1.60 0.71 -2.34 0.5 0.55 -0.24 0.80 1.00 0.01 -0.04 0 1
0.40 0.38 1.36 0.5 -0.28 -0.26 -0.93 -0.92 0.17 0.35 0 0
0.23 -1.24 -0.24 0.5 -0.18 0.97 0.19 -0.08 0.68 0.73 0 1
-0.91 1.25 -0.99 0.5 0.49 -0.68 0.54 0.21 0.66 -0.72 0 1
0.63 -2.45 -3.09 0.5 -0.16 0.61 0.77 -0.09 0.57 0.82 0 0
1.86 0.22 3.41 0.5 -0.48 -0.06 -0.88 -0.18 0.94 -0.28 0 1
0.48 0.84 1.28 0.5 -0.30 -0.52 -0.80 -0.69 0.58 0.43 0 1
1.24 -1.71 0.59 0.5 -0.57 0.78 -0.27 -0.91 -0.29 0.31 0 0
-0.39 -1.36 0.89 0.5 0.23 0.81 -0.53 -0.02 -0.86 -0.52 0 0
1.49 -1.41 -1.81 0.5 -0.54 0.52 0.66 0.91 0.27 -0.33 0 0
-2.60 -0.14 -0.79 0.5 0.96 0.05 0.29 0.59 0.62 0.52 0 0
-0.95 0.64 -0.25 0.5 0.81 -0.54 0.22 -0.33 0.52 -0.79 0 1
0.11 0.88 3.83 0.5 -0.03 -0.23 -0.97 -0.79 0.58 0.20 0 1
-1.78 3.12 -1.42 0.5 0.46 -0.81 0.37 -0.52 -0.74 0.42 0 1
-2.61 -0.17 1.52 0.5 0.86 0.06 -0.50 -0.52 0.33 0.79 0 0
-0.59 -2.70 0.49 0.5 0.21 0.96 -0.18 -0.78 0.22 0.59 0 0
-0.96 0.63 0.43 0.5 0.78 -0.52 -0.35 -0.43 -0.50 -0.75 0 0
1.68 -0.45 3.35 0.5 -0.44 0.12 -0.89 -0.70 -0.70 0.13 0 1
0.71 1.01 0.24 0.5 -0.57 -0.80 -0.19 0.72 0.42 -0.56 0 0
-0.73 -3.69 0.14 0.5 0.19 0.98 -0.04 0.51 -0.58 0.64 0 0
1.09 0.14 -2.05 0.5 -0.47 -0.06 0.88 0.71 -0.38 -0.60 0 1
1.54 0.95 -2.23 0.5 -0.54 -0.33 0.78 -0.31 -0.90 -0.30 0 1
2.60 1.84 1.31 0.5 -0.76 -0.53 -0.38 -0.84 -0.46 -0.29 0 1
-1.17 -0.76 -2.59 0.5 0.40 0.26 0.88 0.33 -0.94 -0.02 0 1
-0.72 3.37 -1.02 0.5 0.20 -0.94 0.28 0.62 0.38 -0.68 0 0
-1.00 -0.89 -0.42 0.5 0.71 0.63 0.30 -0.19 -0.41 -0.89 0 1
0.85 -1.56 2.99 0.5 -0.24 0.45 -0.86 -0.73 -0.01 0.68 0 0
-0.18 3.49 0.59 0.5 0.05 -0.98 -0.17 0.67 -0.59 0.45 0 1
-0.68 0.26 -1.03 0.5 0.54 -0.20 0.82 0.30 -0.73 0.62 0 1
-2.37 0.11 1.00 0.5 0.92 -0.04 -0.39 -0.31 -0.46 0.83 0 0
1.02 -1.09 1.50 0.5 -0.48 0.52 -0.71 0.21 0.97 -0.15 0 0
3.49 0.58 -1.87 0.5 -0.87 -0.15 0.47 -0.42 0.77 -0.48 0 1
0.38 0.89 -2.15 0.5 -0.16 -0.38 0.91 -0.23 0.93 0.28 0 0
0.82 0.33 -1.26 0.5 -0.53 -0.22 0.82 0.72 -0.31 0.62 0 0
-1.91 1.27 2.12 0.5 0.61 -0.41 -0.68 -0.16 0.94 0.31 0 0
0.93 2.36 0.06 0.5 -0.37 -0.93 -0.02 -0.50 -0.45 -0.74 0 1
-3.64 -1.27 -0.39 0.5 0.94 0.33 0.10 0.39 -0.80 0.46 0 1
-1.16 -0.08 -0.23 0.5 0.98 0.07 0.20 -0.06 -0.05 1.00 0 1
1.16 -1.00 -1.19 0.5 -0.60 0.52 0.61 -0.05 -0.21 0.98 0 1
-0.06 -3.05 -0.16 0.5 0.02 1.00 0.05 0.34 -0.81 0.48 0 0
-2.02 1.63 -1.37 0.5 0.69 -0.56 0.47 -0.82 -0.33 -0.47 0 1
-1.19 -0.94 -0.42 0.5 0.76 0.60 0.27 -0.69 0.25 0.68 0 1
0.29 -2.19 0.82 0.5 -0.12 0.93 -0.35 0.79 -0.61 0.07 0 1
0.31 1.73 -1.61 0.5 -0.13 -0.72 0.68 -0.60 -0.80 -0.06 0 0
-1.56 -0.07 0.98 0.5 0.85 0.04 -0.53 0.86 -0.26 0.44 0 0
-0.33 -3.52 -0.79 0.5 0.09 0.97 0.22 0.65 -0.76 0.05 0 0
-1.64 -3.24 0.25 0.5 0.45 0.89 -0.07 -0.61 0.37 -0.70 0 1
-0.09 -0.68 0.85 0.5 0.08 0.62 -0.78 -0.50 -0.69 0.53 0 1
-2.32 -3.25 0.14 0.5 0.58 0.81 -0.03 0.89 0.46 0.05 0 0
2.88 0.11 1.27 0.5 -0.91 -0.03 -0.40 0.68 -0.62 0.39 0 0
0.67 0.61 -1.44 0.5 -0.39 -0.36 0.85 -0.15 0.96 0.23 0 1
-1.08 1.87 -2.76 0.5 0.31 -0.53 0.79 -0.62 0.40 0.67 0 1
1.82 -0.24 -2.11 0.5 -0.65 0.09 0.75 0.76 -0.64 -0.10 0 0
-0.87 1.56 -0.18 0.5 0.48 -0.87 0.10 -0.60 0.61 0.51 0 1
0.45 0.55 0.92 0.5 -0.39 -0.47 -0.79 -0.54 0.53 0.65 0 0
-1.84 -0.03 -0.63 0.5 0.95 0.01 0.32 0.13 0.11 -0.99 0 1
-0.01 -1.03 0.36 0.5 0.01 0.94 -0.33 0.00 0.93 -0.37 0 0
0.32 -0.21 -1.89 0.5 -0.16 0.11 0.98 0.33 0.56 0.76 0 1
2.67 0.99 2.42 0.5 -0.71 -0.27 -0.65 0.37 -0.90 0.24 0 0
1.68 -1.47 -0.19 0.5 -0.75 0.66 0.08 -0.47 0.65 -0.59 0 1
-0.41 -1.36 1.12 0.5 0.23 0.75 -0.62 0.55 -0.48 0.68 0 1
-0.34 0.77 0.66 0.5 0.32 -0.72 -0.62 0.68 0.04 0.73 0 1
-0.35 2.85 -1.65 0.5 0.11 -0.86 0.50 0.66 -0.58 -0.48 0 1
1.00 1.35 2.10 0.5 -0.37 -0.50 -0.78 -0.47 -0.88 -0.05 0 0
-1.22 -1.06 1.22 0.5 0.60 0.52 -0.60 -0.98 0.14 0.17 0 0
2.22 -2.74 0.81 0.5 -0.61 0.76 -0.22 0.69 0.73 0.02 0 1
0.66 -0.06 0.85 0.5 -0.61 0.06 -0.79 0.29 0.70 -0.65 0 1
-1.90 -0.34 2.16 0.5 0.66 0.12 -0.75 1.00 -0.08 0.02 0 0
1.07 -1.05 0.32 0.5 -0.70 0.68 -0.21 0.44 -0.65 0.63 0 0
2.65 -2.57 0.11 0.5 -0.72 0.70 -0.03 0.72 0.04 0.69 0 1
-0.63 -1.14 -3.57 0.5 0.17 0.30 0.94 -0.62 0.13 -0.77 0 0
-1.75 -0.98 -1.78 0.5 0.65 0.37 0.66 0.44 -0.30 -0.85 0 0
-1.37 0.07 0.16 0.5 0.99 -0.05 -0.12 -0.24 0.49 -0.84 0 1
1.44 1.51 0.88 0.5 -0.64 -0.67 -0.39 -0.13 -0.61 0.79 0 1
0.23 -1.39 0.64 0.5 -0.15 0.90 -0.41 0.81 -0.32 -0.49 0 0
0.47 1.44 -2.66 0.5 -0.15 -0.47 0.87 0.65 0.69 -0.34 0 1
2.02 -1.19 -0.80 0.5 -0.81 0.48 0.32 0.73 -0.30 -0.61 0 1
-0.65 -0.99 0.20 0.5 0.54 0.82 -0.17 -0.10 0.97 0.22 0 1
0.38 0.36 1.02 0.5 -0.33 -0.31 -0.89 0.63 -0.38 0.68 0 1
-1.87 -2.79 -0.31 0.5 0.55 0.83 0.09 -0.34 -0.84 0.42 0 1
-2.77 0.32 -1.58 0.5 0.86 -0.10 0.49 0.48 -0.02 -0.88 0 1
-0.89 0.36 -0.32 0.5 0.88 -0.35 0.32 0.09 -0.75 0.66 0 1
-2.48 -0.87 -1.71 0.5 0.79 0.28 0.55 -0.77 -0.41 0.48 0 1
-2.09 -0.34 0.43 0.5 0.97 0.16 -0.20 0.41 0.50 0.76 0 0
-1.78 0.27 -3.26 0.5 0.48 -0.07 0.88 -0.91 -0.23 -0.35 0 1
-0.17 -3.03 0.24 0.5 0.05 1.00 -0.08 0.43 0.65 -0.63 0 0
1.30 2.83 0.58 0.5 -0.41 -0.89 -0.18 -0.87 0.49 0.09 0 0
-2.19 1.27 -1.76 0.5 0.71 -0.41 0.57 -0.75 0.24 -0.61 0 1
-1.55 0.74 0.39 0.5 0.88 -0.42 -0.22 0.72 -0.08 0.69 0 0
-2.82 1.29 1.47 0.5 0.82 -0.38 -0.43 -0.11 0.98 0.14 0 0
1.05 -0.29 1.52 0.5 -0.56 0.16 -0.81 0.45 0.42 0.79 0 1
-0.87 3.00 -0.82 0.5 0.27 -0.93 0.25 0.51 0.46 -0.73 0 0
-0.10 0.97 2.61 0.5 0.03 -0.35 -0.94 0.60 0.51 -0.61 0 0
0.28 1.77 -0.81 0.5 -0.14 -0.90 0.41 -0.29 0.81 0.51 0 0
-0.82 3.47 1.52 0.5 0.21 -0.90 -0.39 -0.79 -0.33 -0.51 0 1
1.48 1.20 -0.79 0.5 -0.72 -0.58 0.38 -0.13 -0.63 -0.77 0 1
-1.73 -1.04 -3.02 0.5 0.48 0.29 0.83 -0.89 0.44 0.05 0 0
1.70 -1.48 -0.40 0.5 -0.74 0.65 0.18 -0.63 0.77 -0.05 0 1
-2.72 0.07 2.20 0.5 0.78 -0.02 -0.63 -0.36 -0.90 0.25 0 0
0.23 1.04 -0.06 0.5 -0.22 -0.97 0.06 -0.35 0.27 0.90 0 0
-1.49 -0.63 -2.46 0.5 0.51 0.22 0.83 -0.02 -0.72 0.69 0 1
1.32 1.20 -0.57 0.5 -0.71 -0.64 0.30 0.67 -0.15 -0.73 0 1
2.21 -1.68 1.87 0.5 -0.66 0.50 -0.56 -0.52 -0.83 0.18 0 0
0.61 -0.66 -0.73 0.5 -0.53 0.57 0.63 -0.71 0.70 0.06 0 0
-1.22 -0.71 1.17 0.5 0.66 0.39 -0.64 -0.13 -0.97 -0.22 0 0
-2.72 -0.22 -2.92 0.5 0.68 0.05 0.73 -0.17 0.60 -0.78 0 0
-2.77 -0.60 0.27 0.5 0.97 0.21 -0.10 0.59 -0.80 0.09 0 0
-1.76 -0.51 -0.00 0.5 0.96 0.28 0.00 -0.36 -0.66 0.67 0 0
-0.37 -0.45 1.52 0.5 0.23 0.28 -0.93 0.27 0.96 0.10 0 1
-1.49 -3.40 0.84 0.5 0.39 0.89 -0.22 -1.00 0.04 -0.08 0 1
-1.34 -0.93 0.37 0.5 0.80 0.56 -0.22 -0.53 0.61 0.59 0 0
0.25 0.24 -2.66 0.5 -0.09 -0.09 0.99 0.77 0.63 0.02 0 1
0.72 0.72 -1.33 0.5 -0.43 -0.43 0.79 -0.20 0.95 0.25 0 0
1.86 -0.82 1.38 0.5 -0.76 0.33 -0.56 -0.92 -0.30 -0.26 0 1
-0.87 2.91 0.47 0.5 0.28 -0.95 -0.15 -0.66 0.61 -0.43 0 1
0.62 0.11 -1.60 0.5 -0.36 -0.06 0.93 -0.90 -0.31 0.31 0 1
2.86 1.31 -1.78 0.5 -0.79 -0.36 0.49 0.47 0.51 0.72 0 0
1.10 -0.11 -0.26 0.5 -0.97 0.10 0.23 -0.91 -0.40 -0.02 0 0
2.07 -1.73 -0.18 0.5 -0.77 0.64 0.07 -0.99 -0.06 0.09 0 1
-1.42 0.58 -1.60 0.5 0.64 -0.26 0.72 -0.89 -0.19 0.41 0 1
-0.11 -2.36 -2.06 0.5 0.04 0.75 0.66 0.64 0.37 0.67 0 0
-1.03 -1.33 -2.00 0.5 0.39 0.51 0.77 0.71 -0.09 0.69 0 1
0.80 -0.45 2.79 0.5 -0.27 0.15 -0.95 -0.41 -0.11 0.90 0 0
0.96 -0.87 0.72 0.5 -0.65 0.59 -0.49 -0.74 -0.31 0.59 0 1
0.27 0.66 2.66 0.5 -0.10 -0.24 -0.97 -0.89 -0.23 -0.40 0 1
1.52 1.90 -1.44 0.5 -0.54 -0.67 0.51 -0.42 0.84 -0.33 0 0
1.32 -2.62 1.76 0.5 -0.39 0.77 -0.51 0.61 -0.78 -0.16 0 0
-0.28 -1.39 0.38 0.5 0.19 0.95 -0.26 0.75 0.19 -0.63 0 1
1.97 1.73 0.91 0.5 -0.71 -0.62 -0.33 -0.61 0.44 -0.66 0 1
-2.45 2.03 0.25 0.5 0.77 -0.64 -0.08 0.43 0.71 0.55 0 0
-0.72 0.59 1.72 0.5 0.37 -0.30 -0.88 0.85 -0.46 0.27 0 0
-0.50 -0.75 1.25 0.5 0.33 0.49 -0.81 -0.41 -0.35 0.84 0 0
2.01 1.14 -1.84 0.5 -0.68 -0.39 0.62 -0.45 0.20 -0.87 0 1
-1.30 -0.33 1.74 0.5 0.59 0.15 -0.79 0.79 0.60 0.14 0 0
0.32 -2.53 -0.65 0.5 -0.12 0.96 0.25 -0.32 0.67 -0.67 0 0
-0.29 0.86 1.42 0.5 0.17 -0.51 -0.84 -0.47 0.47 0.75 0 1
0.52 -1.32 0.45 0.5 -0.35 0.89 -0.30 0.71 -0.15 0.69 0 0
1.78 1.61 -0.29 0.5 -0.74 -0.66 0.12 -0.40 -0.18 0.90 0 0
-0.73 0.25 -1.33 0.5 0.47 -0.16 0.87 -0.95 0.31 -0.08 0 1
1.07 -0.00 2.41 0.5 -0.40 0.00 -0.91 -0.15 0.20 -0.97 0 0
-3.35 1.69 -0.63 0.5 0.88 -0.44 0.17 -0.91 0.34 -0.25 0 1
-1.24 2.08 -2.04 0.5 0.39 -0.66 0.65 -0.99 0.13 0.03 0 1
-0.37 1.33 -1.11 0.5 0.21 -0.75 0.62 -0.71 0.62 0.34 0 1
1.03 -1.30 1.78 0.5 -0.42 0.53 -0.73 0.21 0.04 0.98 0 0
2.78 -2.51 0.26 0.5 -0.74 0.67 -0.07 -0.09 0.72 0.69 0 0
-2.14 1.32 1.65 0.5 0.71 -0.44 -0.55 0.39 -0.01 0.92 0 1
0.74 -1.73 -0.15 0.5 -0.39 0.92 0.08 0.39 0.57 -0.72 0 0
0.62 1.94 -2.00 0.5 -0.22 -0.68 0.70 0.78 -0.63 0.01 0 0
1.74 0.41 -3.34 0.5 -0.46 -0.11 0.88 0.53 -0.79 0.31 0 0
1.31 -0.29 -0.88 0.5 -0.81 0.18 0.55 0.10 0.99 0.04 0 1
0.86 -1.35 -0.16 0.5 -0.54 0.84 0.10 -0.98 0.13 0.13 0 0
-2.49 -2.47 -1.15 0.5 0.67 0.67 0.31 0.63 0.70 0.33 0 0
0.90 1.63 -2.18 0.5 -0.31 -0.57 0.76 -0.25 0.12 0.96 0 1
-0.33 -1.62 -0.37 0.5 0.19 0.96 0.22 0.94 -0.24 -0.25 0 1
-0.42 -0.82 -0.70 0.5 0.37 0.71 0.60 -0.36 0.66 -0.66 0 0
-0.08 -1.66 3.06 0.5 0.02 0.48 -0.88 0.60 0.56 0.57 0 1
0.53 -0.61 -0.69 0.5 -0.50 0.57 0.65 0.64 -0.45 -0.62 0 1
-0.23 -1.47 -0.96 0.5 0.13 0.83 0.54 -0.48 0.35 -0.80 0 1
-0.90 -0.21 2.28 0.5 0.36 0.08 -0.93 0.38 -0.60 -0.70 0 1
-1.43 1.75 -1.67 0.5 0.51 -0.62 0.59 -0.48 0.87 0.06 0 0
2.19 1.01 -1.63 0.5 -0.75 -0.35 0.56 0.53 -0.61 -0.59 0 0
-0.26 0.25 1.28 0.5 0.19 -0.19 -0.96 0.31 0.32 -0.90 0 0
-0.99 -0.16 -1.11 0.5 0.66 0.11 0.74 0.73 0.61 -0.31 0 1
-0.98 1.18 3.14 0.5 0.28 -0.34 -0.90 0.67 0.19 0.72 0 1
1.61 3.31 0.45 0.5 -0.43 -0.89 -0.12 -0.90 0.40 -0.16 0 1
2.08 -1.39 1.28 0.5 -0.74 0.49 -0.45 0.68 -0.57 -0.47 0 0
-1.36 0.03 -0.43 0.5 0.95 -0.02 0.30 -0.09 0.95 -0.31 0 1
-3.70 -1.15 0.27 0.5 0.95 0.30 -0.07 -0.74 0.67 -0.10 0 1
0.02 0.46 3.22 0.5 -0.01 -0.14 -0.99 0.66 -0.38 -0.65 0 0
0.07 1.73 -1.91 0.5 -0.03 -0.67 0.74 0.54 -0.70 -0.47 0 1
0.18 0.83 0.53 0.5 -0.18 -0.83 -0.53 0.66 -0.75 0.05 0 0
0.83 0.33 -1.07 0.5 -0.60 -0.23 0.77 -0.16 -0.90 -0.40 0 1
-0.45 0.99 2.63 0.5 0.16 -0.35 -0.92 -0.88 0.15 0.45 0 1
-1.83 -0.11 -2.05 0.5 0.67 0.04 0.74 0.24 0.58 -0.78 0 1
0.39 1.32 -0.28 0.5 -0.28 -0.94 0.20 -0.33 0.72 -0.61 0 1
-2.34 0.67 -2.64 0.5 0.65 -0.19 0.74 -0.37 0.93 0.08 0 0
-0.04 -1.91 2.75 0.5 0.01 0.57 -0.82 -0.36 0.55 0.76 0 1
1.68 -1.94 0.40 0.5 -0.65 0.75 -0.15 -0.21 0.90 -0.39 0 0
-0.01 -0.03 2.44 0.5 0.00 0.01 -1.00 0.90 0.35 -0.27 0 0
-1.96 0.81 2.50 0.5 0.60 -0.25 -0.76 -0.21 -0.05 -0.98 0 1
3.41 -0.54 -0.64 0.5 -0.97 0.16 0.18 -0.96 0.07 0.27 0 0
0.87 0.60 0.92 0.5 -0.62 -0.43 -0.65 -0.48 -0.82 0.33 0 1
2.30 -2.46 -0.54 0.5 -0.67 0.72 0.16 0.51 -0.72 -0.47 0 1
1.75 -0.93 -1.79 0.5 -0.66 0.35 0.67 -0.50 -0.76 -0.43 0 0
-1.50 2.50 -0.26 0.5 0.51 -0.85 0.09 -0.14 -0.58 0.80 0 1
-1.66 -0.13 -3.09 0.5 0.47 0.04 0.88 -0.41 0.14 0.90 0 1
2.41 -2.27 -1.56 0.5 -0.66 0.62 0.43 0.35 -0.39 -0.85 0 0
-1.53 0.95 -0.07 0.5 0.85 -0.53 0.04 -0.48 0.84 -0.25 0 1
-0.43 -0.47 0.80 0.5 0.42 0.46 -0.78 -0.20 0.75 -0.63 0 1
0.98 -3.19 0.30 0.5 -0.29 0.95 -0.09 0.12 0.54 -0.83 0 0
3.09 1.75 0.72 0.5 -0.85 -0.48 -0.20 0.46 -0.77 0.45 0 0
-0.02 1.09 0.90 0.5 0.01 -0.77 -0.64 0.60 -0.25 -0.76 0 1
1.84 0.93 1.13 0.5 -0.78 -0.40 -0.48 -0.85 0.52 0.05 0 1
2.34 -1.31 1.82 0.5 -0.72 0.40 -0.56 0.71 -0.65 -0.27 0 0
0.35 2.87 0.59 0.5 -0.12 -0.97 -0.20 0.13 0.77 -0.63 0 0
-0.26 0.93 0.26 0.5 0.26 -0.93 -0.26 0.71 0.33 -0.63 0 0
2.20 -0.47 -0.07 0.5 -0.98 0.21 0.03 -0.58 0.74 0.33 0 0
-1.16 -0.56 1.93 0.5 0.50 0.24 -0.83 -0.86 -0.33 0.40 0 1
1.65 2.16 -0.85 0.5 -0.58 -0.76 0.30 0.56 0.40 -0.72 0 0
-0.98 -0.31 -0.40 0.5 0.89 0.28 0.37 0.72 0.69 -0.03 0 0
-0.15 -1.70 -0.80 0.5 0.08 0.90 0.43 -0.89 -0.32 -0.32 0 1
1.59 -0.63 -2.07 0.5 -0.59 0.23 0.77 -0.62 0.37 0.69 0 0
1.85 2.72 -0.94 0.5 -0.54 -0.80 0.27 0.47 0.09 0.88 0 1
2.01 -0.24 1.39 0.5 -0.82 0.10 -0.57 0.60 0.80 0.05 0 0
-1.40 -0.89 -2.56 0.5 0.46 0.29 0.84 0.70 0.71 -0.00 0 0
-2.11 0.34 3.08 0.5 0.56 -0.09 -0.82 -0.72 0.28 0.64 0 0
1.01 -0.03 -0.50 0.5 -0.90 0.03 0.44 -0.67 -0.66 0.34 0 1
-0.79 1.29 2.47 0.5 0.27 -0.45 -0.85 -0.06 -1.00 -0.01 0 0
-3.24 -0.11 -1.53 0.5 0.90 0.03 0.43 -0.03 -0.83 -0.56 0 1
1.86 -2.21 0.69 0.5 -0.63 0.74 -0.23 -0.80 0.58 -0.16 0 1
-1.84 -1.56 1.53 0.5 0.64 0.55 -0.54 0.79 0.60 -0.06 0 0
0.49 -2.01 1.45 0.5 -0.19 0.80 -0.57 0.91 0.38 0.20 0 0
-1.88 1.41 2.17 0.5 0.59 -0.44 -0.68 0.13 0.96 0.25 0 1
-1.57 2.38 -2.10 0.5 0.44 -0.67 0.59 -0.68 -0.55 0.49 0 1
2.23 -1.38 0.41 0.5 -0.84 0.52 -0.16 -0.03 0.85 0.52 0 1
-1.11 -1.06 2.63 0.5 0.37 0.35 -0.86 0.52 -0.61 -0.59 0 1
0.71 1.54 0.40 0.5 -0.41 -0.88 -0.23 0.52 -0.84 -0.17 0 1
0.88 -0.07 1.61 0.5 -0.48 0.04 -0.88 0.63 -0.75 0.19 0 0
0.08 -1.09 -0.47 0.5 -0.07 0.92 0.39 0.61 0.25 -0.76 0 0
-1.40 -3.17 -1.69 0.5 0.36 0.82 0.44 -0.41 -0.05 0.91 0 1
0.98 0.69 -0.01 0.5 -0.82 -0.57 0.01 0.58 -0.29 0.76 0 1
0.70 -1.64 -2.96 0.5 -0.20 0.47 0.86 -0.54 0.32 0.78 0 1
2.21 -1.10 1.95 0.5 -0.70 0.35 -0.62 0.79 -0.44 -0.42 0 0
1.57 1.02 -1.17 0.5 -0.71 -0.46 0.53 0.41 -0.77 0.49 0 1
0.38 3.17 -1.24 0.5 -0.11 -0.93 0.36 -0.72 -0.27 0.64 0 0
0.67 -2.35 0.57 0.5 -0.27 0.94 -0.23 -0.19 0.69 0.70 0 0
-1.38 0.92 -0.37 0.5 0.81 -0.54 0.22 0.25 0.69 0.68 0 1
3.38 0.30 0.28 0.5 -0.99 -0.09 -0.08 0.68 0.70 -0.22 0 1
-1.66 0.47 3.19 0.5 0.46 -0.13 -0.88 0.90 0.44 -0.08 0 1
-0.71 1.71 -2.59 0.5 0.22 -0.54 0.81 0.11 -0.87 0.47 0 0
0.16 0.38 -1.25 0.5 -0.12 -0.29 0.95 -0.54 0.37 -0.75 0 0
-0.05 0.71 -1.58 0.5 0.03 -0.41 0.91 -0.78 0.62 -0.08 0 0
-1.63 -1.87 0.60 0.5 0.64 0.73 -0.24 0.80 0.51 -0.30 0 0
-1.17 0.36 -1.30 0.5 0.65 -0.20 0.73 -0.04 -0.71 0.70 0 0
1.08 1.11 -2.73 0.5 -0.34 -0.35 0.87 0.84 -0.49 0.23 0 0
2.87 -0.88 2.32 0.5 -0.76 0.23 -0.61 0.31 0.74 0.60 0 0
0.87 1.69 -1.77 0.5 -0.34 -0.65 0.68 0.79 0.49 0.36 0 0
2.84 -0.80 -0.34 0.5 -0.96 0.27 0.11 -0.94 -0.09 -0.33 0 1
0.67 -0.10 -3.88 0.5 -0.17 0.03 0.99 -0.08 -0.46 0.88 0 1
-0.83 0.21 0.56 0.5 0.81 -0.20 -0.55 0.14 -0.65 0.75 0 1
0.45 2.50 0.14 0.5 -0.18 -0.98 -0.06 -0.28 0.96 0.03 0 0
1.60 1.94 -1.16 0.5 -0.58 -0.70 0.42 0.81 0.07 -0.58 0 1
1.20 -3.32 0.03 0.5 -0.34 0.94 -0.01 -0.37 -0.74 -0.57 0 0
-3.19 0.35 0.89 0.5 0.96 -0.11 -0.27 -0.67 -0.68 0.29 0 1
-2.42 0.91 2.32 0.5 0.70 -0.26 -0.67 0.32 -0.13 0.94 0 1
0.88 -0.68 0.10 0.5 -0.79 0.61 -0.09 -0.76 -0.54 0.36 0 1
-3.01 -0.45 -2.48 0.5 0.77 0.12 0.63 0.90 0.20 0.39 0 0
-1.24 0.39 1.12 0.5 0.72 -0.23 -0.65 -0.40 -0.73 -0.56 0 0
-0.89 -1.46 -0.46 0.5 0.50 0.82 0.26 -0.63 -0.17 0.76 0 1
0.99 1.11 -0.93 0.5 -0.56 -0.63 0.53 0.54 -0.82 -0.18 0 1
-0.11 -0.63 0.85 0.5 0.11 0.59 -0.80 -0.35 -0.92 0.19 0 1
-1.84 3.05 -1.23 0.5 0.49 -0.81 0.33 0.11 -0.84 -0.54 0 0
-1.18 1.22 -1.76 0.5 0.48 -0.50 0.72 0.04 -0.92 0.40 0 1
0.33 0.60 0.85 0.5 -0.30 -0.55 -0.78 -0.60 0.56 0.57 0 1
2.03 0.39 -1.47 0.5 -0.80 -0.15 0.58 0.53 0.43 -0.73 0 1
-0.57 2.45 -0.16 0.5 0.22 -0.97 0.06 0.20 -0.95 0.25 0 0
1.55 1.23 -2.24 0.5 -0.52 -0.41 0.75 -0.42 0.65 -0.63 0 1
-0.01 2.87 1.03 0.5 0.00 -0.94 -0.34 -0.37 0.15 -0.92 0 1
-3.05 0.46 1.72 0.5 0.86 -0.13 -0.49 -0.58 0.55 0.60 0 1
0.20 -0.07 -1.15 0.5 -0.17 0.06 0.98 0.18 0.57 0.80 0 1
1.35 0.75 2.80 0.5 -0.42 -0.23 -0.88 0.26 -0.37 0.89 0 1
0.87 3.45 -1.73 0.5 -0.22 -0.87 0.44 0.61 0.42 0.68 0 1
-1.52 -0.08 -0.88 0.5 0.87 0.05 0.50 -0.43 -0.48 0.76 0 1
-0.90 -0.40 -0.81 0.5 0.71 0.31 0.64 -0.73 -0.44 0.51 0 1
-1.61 -0.14 -0.14 0.5 0.99 0.08 0.09 0.13 0.23 0.97 0 1
0.37 0.57 0.82 0.5 -0.35 -0.53 -0.77 0.24 -0.88 -0.42 0 0
1.53 0.55 -2.64 0.5 -0.49 -0.18 0.85 -0.56 -0.58 -0.60 0 1
-0.86 0.54 0.34 0.5 0.80 -0.50 -0.32 -0.85 0.26 -0.47 0 0
-0.43 -2.92 -0.11 0.5 0.15 0.99 0.04 0.05 0.62 0.78 0 1
-1.74 -2.60 2.47 0.5 0.44 0.65 -0.62 -0.42 -0.58 -0.70 0 0
1.26 -1.02 -0.17 0.5 -0.77 0.62 0.10 -0.33 0.85 0.41 0 1
-0.52 -0.41 2.47 0.5 0.20 0.16 -0.97 0.35 0.90 0.26 0 1
1.52 -1.74 -0.72 0.5 -0.63 0.72 0.30 0.82 0.16 0.55 0 1
0.90 0.61 0.25 0.5 -0.81 -0.54 -0.22 -0.32 0.77 0.56 0 1
1.20 1.83 0.70 0.5 -0.52 -0.80 -0.31 -0.29 -0.86 -0.41 0 0
-0.49 -1.03 -0.41 0.5 0.40 0.85 0.34 -0.87 -0.34 -0.35 0 0
0.63 0.29 1.09 0.5 -0.49 -0.22 -0.85 0.50 0.86 -0.13 0 0
-0.12 -0.95 1.90 0.5 0.06 0.44 -0.89 -0.18 -0.36 -0.92 0 0
0.17 1.04 -0.05 0.5 -0.16 -0.99 0.05 -0.08 0.63 -0.77 0 0
1.82 0.30 0.58 0.5 -0.94 -0.15 -0.30 0.50 0.26 -0.83 0 0
-0.82 0.54 -1.45 0.5 0.47 -0.31 0.83 0.83 -0.25 0.50 0 0
-0.75 -1.16 1.42 0.5 0.38 0.59 -0.71 0.55 -0.56 -0.62 0 0
1.27 -0.45 2.30 0.5 -0.48 0.17 -0.86 -0.35 -0.88 -0.34 0 0
0.84 0.34 -1.18 0.5 -0.56 -0.23 0.79 -0.23 -0.23 0.95 0 0
-1.07 1.35 -0.39 0.5 0.61 -0.76 0.22 0.54 0.83 0.14 0 1
0.90 -2.84 -1.04 0.5 -0.29 0.90 0.33 0.75 0.54 0.38 0 1
3.60 0.89 0.40 0.5 -0.97 -0.24 -0.11 -0.70 -0.70 0.12 0 1
-2.26 1.08 -0.21 0.5 0.90 -0.43 0.08 -0.62 -0.43 0.65 0 1
0.13 -1.32 2.76 0.5 -0.04 0.43 -0.90 0.44 0.48 -0.76 0 1
-2.41 -0.90 -0.01 0.5 0.94 0.35 0.00 -0.74 0.62 0.28 0 0
1.84 0.71 2.40 0.5 -0.59 -0.23 -0.77 0.55 -0.66 0.51 0 1
-0.55 1.78 1.59 0.5 0.22 -0.73 -0.65 0.36 0.82 -0.44 0 0
1.78 -3.34 0.77 0.5 -0.46 0.86 -0.20 -0.03 0.89 -0.45 0 1
0.52 -1.93 -1.54 0.5 -0.21 0.76 0.61 0.61 -0.69 0.38 0 1
-2.50 0.31 -2.41 0.5 0.72 -0.09 0.69 0.67 0.25 0.70 0 0
-0.91 -0.12 2.38 0.5 0.36 0.05 -0.93 -0.67 0.22 0.70 0 1
-0.85 0.13 -1.93 0.5 0.40 -0.06 0.91 -0.04 0.70 -0.71 0 1
0.55 -0.86 -1.45 0.5 -0.31 0.48 0.82 -0.68 -0.68 -0.27 0 1
-1.47 2.48 -2.35 0.5 0.40 -0.67 0.63 0.30 -0.23 0.92 0 1
1.28 -0.84 -1.43 0.5 -0.61 0.40 0.68 -0.43 0.20 -0.88 0 0
-1.04 -3.05 -1.30 0.5 0.30 0.88 0.37 0.20 -0.45 0.87 0 1
0.17 -1.04 -3.68 0.5 -0.04 0.27 0.96 0.93 -0.36 -0.07 0 1
-2.14 0.60 0.55 0.5 0.93 -0.26 -0.24 0.04 -0.50 -0.86 0 1
-1.32 -0.53 -2.94 0.5 0.41 0.16 0.90 0.47 0.62 -0.63 0 0
0.46 -2.41 2.20 0.5 -0.14 0.73 -0.67 -0.22 0.91 0.34 0 0
2.56 -2.53 0.67 0.5 -0.70 0.69 -0.18 -0.75 0.63 0.20 0 0
-0.18 2.62 -2.62 0.5 0.05 -0.71 0.71 -0.44 -0.89 -0.14 0 1
-0.25 -3.17 0.00 0.5 0.08 1.00 -0.00 -0.97 -0.03 -0.24 0 0
-2.13 -1.51 0.15 0.5 0.81 0.58 -0.06 1.00 -0.06 0.04 0 0
-1.06 0.34 -1.38 0.5 0.60 -0.19 0.78 -0.72 -0.53 -0.45 0 1
-2.45 -3.12 -0.03 0.5 0.62 0.79 0.01 0.58 -0.61 0.54 0 1
2.81 0.06 -2.00 0.5 -0.81 -0.02 0.58 0.26 0.64 0.72 0 1
-1.08 -2.19 -1.91 0.5 0.35 0.71 0.62 0.81 -0.56 0.21 0 0
0.81 -3.41 -0.81 0.5 -0.23 0.95 0.23 0.05 -0.16 -0.99 0 1
-2.74 1.49 -1.77 0.5 0.76 -0.42 0.49 -0.59 0.75 0.29 0 1
3.00 0.18 -0.99 0.5 -0.95 -0.06 0.31 -0.37 0.92 0.15 0 1
1.35 -0.42 -0.77 0.5 -0.84 0.26 0.48 -0.22 -0.72 0.66 0 1
-0.15 -0.80 2.36 0.5 0.06 0.32 -0.95 -0.90 -0.40 0.15 0 1
0.40 1.46 -0.59 0.5 -0.24 -0.90 0.36 0.40 -0.66 0.63 0 1
2.57 1.97 0.29 0.5 -0.79 -0.61 -0.09 0.07 0.94 0.34 0 1
-0.61 1.20 -1.25 0.5 0.33 -0.65 0.68 0.60 0.50 -0.62 0 0
1.33 -0.90 -2.75 0.5 -0.42 0.28 0.86 0.35 0.62 -0.70 0 0
0.51 -1.25 -2.23 0.5 -0.20 0.48 0.86 -0.55 -0.83 0.07 0 0
-2.39 0.67 3.08 0.5 0.61 -0.17 -0.78 0.65 0.13 -0.75 0 0
-0.31 0.96 1.60 0.5 0.16 -0.51 -0.85 -0.42 0.15 0.89 0 0
-0.72 0.65 -0.28 0.5 0.72 -0.64 0.27 0.55 0.30 0.78 0 0
1.26 1.58 -2.09 0.5 -0.43 -0.54 0.72 -0.78 -0.51 0.38 0 1
1.62 -1.83 2.60 0.5 -0.45 0.51 -0.73 0.67 0.58 0.46 0 0
-1.59 1.18 -0.54 0.5 0.77 -0.58 0.26 -0.69 0.70 0.20 0 1
0.78 2.26 0.58 0.5 -0.32 -0.92 -0.23 0.77 -0.41 -0.49 0 1
-0.17 0.41 -2.09 0.5 0.08 -0.19 0.98 0.85 -0.38 0.36 0 0
2.68 2.11 -0.03 0.5 -0.79 -0.62 0.01 0.80 0.44 -0.41 0 0
-0.84 -1.37 1.05 0.5 0.44 0.71 -0.55 0.77 -0.59 0.25 0 1
0.98 1.59 -0.16 0.5 -0.52 -0.85 0.09 -0.89 0.10 -0.45 0 0
-2.68 2.30 1.06 0.5 0.73 -0.62 -0.29 -0.72 -0.44 0.53 0 0
-1.15 0.18 -0.45 0.5 0.92 -0.14 0.36 -0.53 0.84 0.07 0 0
-0.41 -0.53 0.79 0.5 0.40 0.51 -0.76 0.24 -0.28 0.93 0 0
0.34 0.15 2.26 0.5 -0.15 -0.07 -0.99 -0.50 0.54 -0.68 0 0
-1.95 -2.19 1.97 0.5 0.55 0.62 -0.56 0.31 0.26 0.91 0 1
0.74 0.38 1.41 0.5 -0.45 -0.23 -0.86 -0.51 0.40 -0.76 0 0
0.31 0.82 -1.16 0.5 -0.21 -0.56 0.80 0.78 -0.07 -0.62 0 1
-1.54 -1.31 -2.60 0.5 0.47 0.40 0.79 0.74 0.39 -0.55 0 1
1.90 0.61 -2.04 0.5 -0.66 -0.21 0.72 -0.38 -0.67 0.64 0 0
-1.70 -2.58 0.71 0.5 0.54 0.81 -0.22 -0.78 -0.53 -0.32 0 0
0.31 -0.65 1.93 0.5 -0.15 0.31 -0.94 -0.15 -0.55 0.82 0 0
-0.94 0.59 0.86 0.5 0.67 -0.42 -0.61 -0.59 -0.61 0.52 0 0
0.71 0.59 1.36 0.5 -0.44 -0.36 -0.83 -0.05 -0.69 -0.72 0 1
-2.11 -0.73 1.44 0.5 0.79 0.27 -0.54 0.43 0.23 -0.87 0 0
0.44 0.98 3.20 0.5 -0.13 -0.29 -0.95 0.44 -0.63 -0.64 0 1
-0.04 2.73 2.15 0.5 0.01 -0.79 -0.62 0.48 0.29 0.83 0 1
-0.10 1.09 1.09 0.5 0.07 -0.71 -0.70 0.38 0.22 -0.90 0 0
0.52 -1.18 1.22 0.5 -0.29 0.66 -0.69 -0.50 0.81 -0.30 0 1
-0.63 1.95 -0.78 0.5 0.29 -0.89 0.36 0.41 0.30 0.86 0 1
-1.32 3.27 -0.17 0.5 0.37 -0.93 0.05 0.57 -0.58 -0.57 0 0
0.26 -2.63 0.27 0.5 -0.10 0.99 -0.10 0.02 -0.82 -0.57 0 0
2.39 0.18 1.12 0.5 -0.90 -0.07 -0.42 -0.07 0.73 -0.68 0 0
0.17 0.85 2.46 0.5 -0.07 -0.32 -0.94 -0.22 0.26 -0.94 0 1
0.93 -1.30 1.86 0.5 -0.38 0.53 -0.76 0.44 -0.63 -0.64 0 0
3.56 0.17 0.48 0.5 -0.99 -0.05 -0.13 -0.94 0.19 0.28 0 0
0.92 0.16 -0.41 0.5 -0.90 -0.16 0.41 -0.18 0.53 0.83 0 1
-0.17 -0.95 0.52 0.5 0.16 0.86 -0.48 -0.76 0.64 -0.08 0 1
1.68 1.69 -2.54 0.5 -0.48 -0.48 0.73 -0.13 -0.07 -0.99 0 1
1.08 3.05 -0.51 0.5 -0.33 -0.93 0.15 -0.83 -0.24 0.50 0 0
0.66 -0.28 0.90 0.5 -0.57 0.25 -0.78 0.90 -0.30 -0.31 0 1
0.98 1.88 0.28 0.5 -0.46 -0.88 -0.13 -0.87 -0.31 0.39 0 0
-2.39 -1.42 -2.39 0.5 0.65 0.39 0.65 -0.36 0.54 0.76 0 1
1.23 1.95 -0.87 0.5 -0.50 -0.79 0.35 0.26 0.85 -0.45 0 0
-1.24 3.55 1.18 0.5 0.31 -0.90 -0.30 0.85 0.34 -0.41 0 0
-0.72 0.96 2.20 0.5 0.29 -0.38 -0.88 0.71 -0.62 0.34 0 1
1.77 0.29 1.62 0.5 -0.73 -0.12 -0.67 -0.54 0.67 0.50 0 1
0.15 0.52 2.64 0.5 -0.06 -0.19 -0.98 0.95 -0.25 -0.18 0 0
-0.96 1.42 0.63 0.5 0.52 -0.78 -0.35 -0.34 -0.44 -0.83 0 0
-0.20 0.53 -0.92 0.5 0.19 -0.49 0.85 0.75 -0.53 0.38 0 0
-1.02 2.59 0.37 0.5 0.36 -0.92 -0.13 -0.83 0.31 0.46 0 0
0.80 0.65 1.02 0.5 -0.55 -0.45 -0.70 0.75 -0.51 -0.42 0 1
-1.77 -0.43 1.74 0.5 0.70 0.17 -0.69 0.52 0.39 -0.76 0 0
1.97 -1.81 0.66 0.5 -0.72 0.66 -0.24 0.60 -0.60 0.53 0 0
0.11 -2.87 -0.71 0.5 -0.04 0.97 0.24 0.22 -0.79 0.58 0 1
-0.71 0.86 -1.45 0.5 0.39 -0.47 0.79 -0.67 -0.63 -0.38 0 1
-0.95 -2.10 -0.92 0.5 0.38 0.85 0.37 0.11 -0.87 0.47 0 1
-0.02 2.77 -1.99 0.5 0.00 -0.81 0.58 -0.34 -0.93 0.15 0 0
0.17 1.42 1.21 0.5 -0.09 -0.76 -0.64 -0.69 0.33 0.65 0 0
-0.26 -1.59 -0.28 0.5 0.16 0.97 0.17 -0.22 0.31 -0.93 0 0
0.47 0.91 -0.54 0.5 -0.40 -0.79 0.47 0.52 0.77 -0.38 0 0
2.81 0.93 -2.28 0.5 -0.75 -0.25 0.61 0.71 0.45 0.53 0 0
0.67 0.42 1.15 0.5 -0.48 -0.30 -0.83 -0.70 0.63 0.33 0 1
-0.25 1.05 -0.09 0.5 0.23 -0.97 0.08 0.57 0.19 0.80 0 0
-0.99 -0.00 -0.24 0.5 0.97 0.00 0.23 0.69 0.72 0.12 0 0
-0.68 -0.64 0.52 0.5 0.64 0.60 -0.49 0.35 -0.12 -0.93 0 0
-2.27 2.52 1.23 0.5 0.63 -0.70 -0.34 0.30 -0.46 -0.83 0 0
1.64 -1.11 0.81 0.5 -0.77 0.52 -0.38 -0.08 -0.73 0.68 0 0
-0.62 -0.88 -0.09 0.5 0.58 0.81 0.08 -0.12 -0.82 0.56 0 1
-0.52 -2.92 2.57 0.5 0.13 0.74 -0.65 -0.81 0.43 -0.39 0 0
1.25 -0.05 3.53 0.5 -0.33 0.01 -0.94 -0.60 0.72 -0.35 0 1
-3.22 1.90 -0.04 0.5 0.86 -0.51 0.01 0.87 0.20 0.46 0 1
-1.56 0.89 2.90 0.5 0.46 -0.26 -0.85 0.94 0.23 0.23 0 0
0.83 -0.76 -1.25 0.5 -0.49 0.45 0.74 -0.15 -0.73 -0.66 0 0
-0.40 -0.84 -1.86 0.5 0.19 0.40 0.89 -0.87 -0.41 -0.26 0 1
0.94 -0.20 2.97 0.5 -0.30 0.06 -0.95 -0.63 0.77 0.01 0 0
-1.93 1.80 2.04 0.5 0.58 -0.54 -0.61 0.15 -0.66 -0.73 0 0
0.57 -2.95 -0.70 0.5 -0.18 0.96 0.23 -0.83 0.23 0.52 0 1
0.88 0.04 -1.39 0.5 -0.54 -0.02 0.84 0.09 0.31 0.95 0 1
-2.78 0.17 -0.38 0.5 0.99 -0.06 0.13 -0.63 -0.43 0.65 0 1
-1.31 -0.44 -1.57 0.5 0.63 0.21 0.75 -0.69 -0.47 -0.55 0 1
-1.44 1.26 -0.45 0.5 0.73 -0.64 0.23 0.14 0.81 -0.57 0 1
3.09 -1.80 -0.67 0.5 -0.85 0.49 0.19 0.24 0.80 0.55 0 1
0.34 -0.03 1.67 0.5 -0.20 0.02 -0.98 -0.38 -0.61 0.69 0 0
0.75 -1.41 0.21 0.5 -0.47 0.87 -0.13 -0.66 -0.65 0.37 0 0
1.06 1.93 -2.28 0.5 -0.33 -0.61 0.72 -0.79 -0.01 0.61 0 0
0.51 -0.89 -1.07 0.5 -0.35 0.60 0.72 0.32 0.95 -0.01 0 0
-0.80 0.18 0.59 0.5 0.79 -0.18 -0.59 0.23 -0.08 0.97 0 1
-1.24 0.82 0.64 0.5 0.77 -0.51 -0.39 0.11 0.99 0.09 0 1
-2.80 1.08 -0.71 0.5 0.91 -0.35 0.23 -0.89 -0.27 -0.36 0 1
-0.13 -0.97 1.65 0.5 0.07 0.50 -0.86 0.29 -0.68 0.67 0 0
0.78 -0.79 1.29 0.5 -0.46 0.46 -0.76 -0.61 0.02 -0.79 0 0
-0.46 -0.81 -1.08 0.5 0.32 0.57 0.76 0.65 -0.66 0.39 0 0
1.17 3.16 0.32 0.5 -0.35 -0.93 -0.09 -0.53 0.24 -0.81 0 1
-1.48 -0.21 -0.85 0.5 0.86 0.12 0.50 0.37 -0.78 -0.50 0 1
-1.06 0.12 -0.62 0.5 0.86 -0.10 0.50 -0.49 0.59 -0.65 0 0
-1.63 0.45 -0.64 0.5 0.90 -0.25 0.35 0.52 -0.83 0.21 0 1
-0.99 -1.83 -0.73 0.5 0.45 0.83 0.33 -0.18 0.23 -0.96 0 0
-0.69 0.53 1.48 0.5 0.40 -0.31 -0.86 -0.35 0.84 0.41 0 1
-0.86 1.74 2.17 0.5 0.30 -0.60 -0.75 -0.24 -0.89 -0.39 0 1
-0.62 -1.96 -3.41 0.5 0.16 0.49 0.86 -0.84 -0.42 0.33 0 0
-0.76 -0.49 -1.29 0.5 0.48 0.31 0.82 -0.97 -0.00 0.24 0 0
0.42 -2.99 0.50 0.5 -0.14 0.98 -0.16 -0.70 0.04 0.71 0 1
-1.42 1.40 2.97 0.5 0.40 -0.39 -0.83 0.11 0.07 0.99 0 0
0.46 -2.00 1.69 0.5 -0.17 0.75 -0.64 0.19 0.60 -0.78 0 1
0.52 -1.59 -1.65 0.5 -0.22 0.68 0.70 -0.48 0.26 -0.84 0 1
0.41 1.60 -0.68 0.5 -0.23 -0.90 0.38 -0.26 -0.85 -0.46 0 1
0.66 0.86 0.13 0.5 -0.61 -0.78 -0.12 -0.63 0.05 0.77 0 1
3.43 -1.00 0.67 0.5 -0.94 0.27 -0.18 -0.73 -0.08 -0.68 0 0
1.17 -0.11 -0.93 0.5 -0.78 0.07 0.62 0.12 -0.58 0.80 0 1
-1.73 0.60 0.01 0.5 0.94 -0.33 -0.01 0.91 -0.03 0.40 0 0
2.32 0.77 -1.49 0.5 -0.81 -0.27 0.52 0.46 0.75 -0.48 0 0
1.82 -2.04 -0.72 0.5 -0.64 0.72 0.26 -0.81 -0.16 -0.57 0 0
2.38 -1.27 2.13 0.5 -0.69 0.37 -0.62 -0.60 -0.66 -0.45 0 0
0.69 0.85 1.16 0.5 -0.43 -0.53 -0.73 -0.06 -0.11 0.99 0 0
0.41 1.48 -0.98 0.5 -0.22 -0.81 0.54 0.63 0.25 -0.73 0 0
0.33 2.10 -1.80 0.5 -0.12 -0.75 0.65 0.51 -0.59 0.62 0 0
-1.38 1.83 -1.58 0.5 0.50 -0.66 0.57 0.78 0.61 0.16 0 0
-1.61 -0.98 3.04 0.5 0.45 0.27 -0.85 0.88 -0.23 0.43 0 0
-0.56 -1.68 0.92 0.5 0.28 0.84 -0.46 -0.89 -0.36 0.30 0 0
0.10 -1.06 1.22 0.5 -0.06 0.65 -0.75 -0.43 -0.69 0.58 0 1
-2.00 1.29 0.93 0.5 0.78 -0.51 -0.36 0.78 -0.38 -0.50 0 0
-1.03 -0.25 -1.99 0.5 0.46 0.11 0.88 -0.52 0.68 -0.52 0 0
-0.42 -1.90 1.92 0.5 0.15 0.69 -0.70 -0.81 0.47 -0.37 0 0
-1.26 1.76 -0.53 0.5 0.56 -0.79 0.24 -0.52 -0.79 0.33 0 0
2.40 2.11 0.54 0.5 -0.74 -0.65 -0.17 -0.71 -0.59 0.39 0 1
-2.29 2.80 -0.33 0.5 0.63 -0.77 0.09 0.64 -0.77 -0.04 0 0
1.28 1.13 1.42 0.5 -0.58 -0.51 -0.64 0.65 -0.49 0.58 0 1
0.14 -1.24 -2.12 0.5 -0.06 0.50 0.86 -0.35 -0.91 0.24 0 0
1.83 0.12 1.18 0.5 -0.84 -0.06 -0.54 0.35 -0.85 -0.39 0 0
-3.10 -0.44 -1.17 0.5 0.93 0.13 0.35 0.46 0.55 0.70 0 1
-1.73 -1.20 1.45 0.5 0.67 0.47 -0.57 0.72 -0.28 0.63 0 0
0.81 -0.93 -1.82 0.5 -0.37 0.42 0.83 -0.21 -0.61 -0.77 0 1
0.03 -0.62 1.76 0.5 -0.02 0.33 -0.94 0.91 -0.31 -0.27 0 1
2.57 -2.06 -0.97 0.5 -0.75 0.60 0.28 0.91 -0.06 -0.41 0 1
0.17 -0.74 -1.03 0.5 -0.13 0.58 0.80 -0.53 -0.26 0.81 0 1
-1.85 0.44 0.39 0.5 0.95 -0.23 -0.20 0.70 -0.41 -0.59 0 0
-2.90 1.91 -0.63 0.5 0.82 -0.54 0.18 -0.93 -0.21 -0.30 0 0
-2.22 -2.12 -1.77 0.5 0.63 0.60 0.50 -0.02 -0.87 0.50 0 0
2.19 0.86 -1.66 0.5 -0.76 -0.30 0.58 0.33 -0.85 0.41 0 1
-1.70 -0.22 -0.85 0.5 0.89 0.11 0.44 -0.39 -0.91 0.11 0 1
1.07 1.12 -2.94 0.5 -0.32 -0.34 0.88 0.72 0.59 -0.37 0 1
0.51 0.26 -1.63 0.5 -0.29 -0.15 0.94 -0.51 -0.73 -0.45 0 0
0.70 1.42 -2.24 0.5 -0.26 -0.52 0.82 -0.93 0.33 0.15 0 0
1.69 0.78 -1.62 0.5 -0.69 -0.31 0.66 0.72 -0.52 0.45 0 0
-1.80 -1.70 0.60 0.5 0.71 0.67 -0.24 -0.70 -0.26 0.66 0 0
-0.12 0.97 -0.85 0.5 0.09 -0.75 0.66 -0.19 0.50 -0.84 0 0
0.07 -1.00 0.23 0.5 -0.07 0.97 -0.22 -0.75 -0.03 0.67 0 0
-1.40 1.68 0.27 0.5 0.64 -0.76 -0.12 0.74 -0.52 -0.42 0 1
0.11 -2.34 0.26 0.5 -0.05 0.99 -0.11 0.55 -0.43 0.72 0 0
-1.91 -1.84 0.98 0.5 0.68 0.65 -0.35 0.41 -0.27 0.87 0 1
-0.35 -1.38 0.33 0.5 0.24 0.94 -0.22 0.82 0.11 0.56 0 1
0.24 0.91 2.56 0.5 -0.09 -0.34 -0.94 -0.29 -0.64 0.71 0 0
-0.05 -0.68 1.36 0.5 0.04 0.45 -0.89 -0.50 -0.05 0.86 0 1
0.24 1.82 -0.48 0.5 -0.13 -0.96 0.25 0.73 0.66 -0.16 0 0
2.65 0.58 1.80 0.5 -0.81 -0.18 -0.55 0.59 0.04 -0.81 0 0
1.13 2.72 -1.45 0.5 -0.34 -0.83 0.44 -0.68 0.10 0.73 0 1
0.25 2.14 2.11 0.5 -0.08 -0.71 -0.70 -0.88 -0.30 -0.37 0 0
-2.89 -2.03 0.47 0.5 0.81 0.57 -0.13 0.44 -0.08 0.90 0 1
1.49 -0.41 1.99 0.5 -0.59 0.16 -0.79 -0.53 0.70 -0.48 0 0
1.17 0.61 -0.09 0.5 -0.88 -0.46 0.07 -0.76 -0.65 0.06 0 0
-0.11 2.44 1.40 0.5 0.04 -0.87 -0.50 -0.79 0.48 0.38 0 1
0.73 -1.23 1.40 0.5 -0.36 0.61 -0.70 0.32 0.52 -0.79 0 0
0.17 0.95 0.45 0.5 -0.16 -0.89 -0.42 -0.65 0.12 -0.75 0 1
-3.33 -1.29 -0.54 0.5 0.92 0.36 0.15 0.85 0.11 -0.52 0 1
-1.75 0.21 0.39 0.5 0.97 -0.12 -0.22 0.67 -0.64 0.37 0 1
0.05 -1.11 -1.66 0.5 -0.03 0.56 0.83 0.32 0.74 -0.60 0 0
0.22 -1.15 -0.53 0.5 -0.17 0.90 0.41 0.06 0.80 -0.60 0 0
1.59 2.23 1.86 0.5 -0.48 -0.67 -0.56 0.57 -0.28 0.77 0 0
1.84 3.10 1.15 0.5 -0.49 -0.82 -0.30 -0.10 -0.79 -0.60 0 1
0.56 2.31 -0.80 0.5 -0.22 -0.92 0.32 0.65 0.71 0.28 0 0
0.95 0.48 0.06 0.5 -0.89 -0.45 -0.05 0.08 0.99 0.15 0 0
0.62 0.81 0.64 0.5 -0.52 -0.67 -0.53 -0.19 0.98 -0.06 0 1
1.99 -0.14 1.13 0.5 -0.87 0.06 -0.49 -0.72 -0.13 -0.68 0 1
-1.05 -0.62 3.76 0.5 0.27 0.16 -0.95 0.66 -0.66 0.37 0 0
-0.62 1.54 -0.12 0.5 0.37 -0.92 0.07 0.44 0.39 -0.81 0 0
0.91 -0.71 -0.45 0.5 -0.73 0.58 0.36 -0.66 0.30 -0.69 0 1
-1.76 -1.73 2.03 0.5 0.55 0.54 -0.64 0.78 -0.47 -0.41 0 1
-1.48 1.48 0.41 0.5 0.69 -0.69 -0.19 0.68 0.26 -0.68 0 1
0.63 -1.01 1.43 0.5 -0.34 0.54 -0.77 0.99 -0.15 -0.03 0 0
-1.02 2.03 -0.69 0.5 0.43 -0.85 0.29 -0.34 0.91 -0.25 0 0
2.55 -0.32 -2.80 0.5 -0.67 0.08 0.74 -0.60 -0.58 0.55 0 0
1.55 2.91 -1.18 0.5 -0.44 -0.83 0.34 0.76 0.41 0.51 0 1
-1.78 1.85 2.12 0.5 0.54 -0.56 -0.64 0.14 0.52 0.84 0 0
-1.82 -3.18 -0.30 0.5 0.50 0.86 0.08 0.74 0.58 0.34 0 0
0.93 -2.94 1.39 0.5 -0.28 0.87 -0.41 -0.54 -0.37 0.76 0 1
-0.10 1.91 0.98 0.5 0.05 -0.89 -0.46 0.21 -0.93 -0.29 0 0
1.77 0.32 0.90 0.5 -0.88 -0.16 -0.45 0.77 -0.01 0.64 0 0
0.49 1.34 1.64 0.5 -0.23 -0.62 -0.75 -0.38 -0.55 0.75 0 1
-1.27 2.17 -1.33 0.5 0.44 -0.76 0.47 0.22 -0.82 0.53 0 0
-1.40 1.10 -1.22 0.5 0.65 -0.51 0.56 0.71 -0.66 -0.25 0 0
0.77 -0.73 2.04 0.5 -0.34 0.32 -0.89 0.53 -0.82 -0.20 0 1
1.97 -0.84 2.20 0.5 -0.64 0.27 -0.72 0.11 -0.92 -0.38 0 0
1.80 -0.54 -1.64 0.5 -0.72 0.22 0.66 -0.95 -0.30 0.07 0 1
1.17 1.29 -0.87 0.5 -0.60 -0.66 0.45 0.00 -0.26 0.97 0 1
0.18 1.28 -1.95 0.5 -0.08 -0.55 0.83 0.63 0.29 0.72 0 1
-2.65 2.42 -1.66 0.5 0.67 -0.61 0.42 0.53 -0.74 0.41 0 0
-0.38 -1.49 1.36 0.5 0.19 0.73 -0.66 -0.68 -0.69 -0.25 0 1
1.17 -2.13 1.69 0.5 -0.40 0.72 -0.57 0.17 0.50 -0.85 0 0
0.34 -0.46 1.55 0.5 -0.20 0.28 -0.94 -0.20 -0.27 -0.94 0 1
-0.03 3.84 -0.44 0.5 0.01 -0.99 0.11 -0.49 0.84 -0.22 0 1
-0.28 -1.24 -0.11 0.5 0.22 0.97 0.09 0.65 -0.69 0.31 0 0
1.57 1.38 1.89 0.5 -0.56 -0.49 -0.67 -0.79 0.42 -0.45 0 1
2.08 -0.43 0.59 0.5 -0.94 0.19 -0.27 -0.90 0.03 0.44 0 0
-0.75 1.02 -2.89 0.5 0.24 -0.32 0.92 0.80 -0.57 0.17 0 0
2.49 1.15 -0.63 0.5 -0.89 -0.41 0.22 0.55 -0.83 0.10 0 1
0.33 0.60 2.17 0.5 -0.14 -0.26 -0.95 -0.01 -0.94 -0.34 0 1
-0.82 1.12 -0.15 0.5 0.59 -0.80 0.11 0.84 -0.53 -0.08 0 1
-2.31 0.44 -0.94 0.5 0.91 -0.17 0.37 0.82 -0.38 -0.42 0 0
0.01 -0.77 2.62 0.5 -0.00 0.28 -0.96 0.22 0.50 -0.84 0 0
1.32 2.22 -2.85 0.5 -0.34 -0.58 0.74 0.74 -0.63 0.21 0 0
1.21 -0.93 -0.72 0.5 -0.72 0.55 0.43 0.81 -0.06 0.59 0 0
-0.13 1.71 -3.07 0.5 0.04 -0.49 0.87 -0.81 -0.05 0.58 0 1
-3.80 -0.43 0.41 0.5 0.99 0.11 -0.11 -0.51 0.83 -0.24 0 0
-2.48 2.37 -1.42 0.5 0.67 -0.64 0.38 0.28 -0.73 -0.63 0 0
-0.01 0.94 1.53 0.5 0.01 -0.52 -0.85 0.73 -0.68 0.09 0 1
-0.04 -1.07 -2.26 0.5 0.02 0.43 0.90 -0.73 0.63 -0.25 0 0
-0.32 1.62 -1.47 0.5 0.14 -0.73 0.67 0.95 -0.12 0.29 0 1
0.29 -0.56 -1.07 0.5 -0.23 0.45 0.86 0.08 0.89 -0.44 0 1
1.71 -0.53 1.46 0.5 -0.74 0.23 -0.63 0.54 0.41 -0.73 0 1
2.37 -0.66 0.63 0.5 -0.93 0.26 -0.25 -0.50 -0.54 -0.67 0 0
1.26 -2.56 0.49 0.5 -0.44 0.88 -0.17 0.90 -0.18 -0.39 0 1
-1.90 0.65 1.55 0.5 0.75 -0.26 -0.61 0.27 0.96 0.01 0 0
-0.64 -0.27 0.82 0.5 0.60 0.25 -0.76 -0.75 0.01 0.66 0 1
1.38 -0.45 -1.68 0.5 -0.62 0.20 0.76 -0.54 0.70 0.47 0 0
-2.34 0.54 1.21 0.5 0.87 -0.20 -0.45 0.12 -0.97 0.23 0 1
-1.29 0.07 0.09 0.5 1.00 -0.05 -0.07 -0.21 0.67 0.71 0 0
-1.30 0.82 2.53 0.5 0.44 -0.28 -0.85 -0.13 -0.99 0.08 0 1
-1.33 -0.94 1.53 0.5 0.60 0.42 -0.68 -0.50 -0.63 -0.59 0 0
0.09 -2.35 -0.11 0.5 -0.04 1.00 0.05 -0.13 -0.27 -0.96 0 1
0.21 1.97 1.78 0.5 -0.08 -0.74 -0.67 0.50 0.57 -0.65 0 0
-0.81 -2.25 -0.59 0.5 0.33 0.91 0.24 -0.75 -0.55 -0.37 0 0
1.19 1.04 1.11 0.5 -0.62 -0.54 -0.57 0.55 -0.29 0.79 0 1
3.40 -0.76 -0.61 0.5 -0.96 0.22 0.17 -0.80 0.14 0.58 0 0
-3.10 -0.50 -0.85 0.5 0.95 0.15 0.26 -0.78 0.11 0.62 0 1
-0.87 1.91 -0.15 0.5 0.41 -0.91 0.07 -0.85 0.50 -0.17 0 0
-0.88 -1.47 -1.99 0.5 0.34 0.56 0.76 0.75 0.01 0.66 0 0
0.53 -0.90 -0.36 0.5 -0.48 0.81 0.33 0.20 0.62 -0.76 0 1
-1.92 2.01 0.14 0.5 0.69 -0.72 -0.05 0.12 0.88 0.46 0 1
2.11 -0.75 -1.58 0.5 -0.77 0.27 0.57 -0.17 0.58 -0.79 0 1
2.82 1.03 -0.16 0.5 -0.94 -0.34 0.05 -0.94 -0.16 -0.31 0 0
0.59 0.84 -0.15 0.5 -0.57 -0.81 0.14 -0.13 0.42 0.90 0 1
0.19 -1.52 0.15 0.5 -0.12 0.99 -0.10 -0.39 0.43 -0.81 0 1
-0.30 -2.03 -0.47 0.5 0.14 0.96 0.22 -0.09 -0.53 -0.84 0 0
1.48 -1.71 -2.42 0.5 -0.45 0.52 0.73 0.63 0.65 0.44 0 0
1.46 0.64 0.48 0.5 -0.88 -0.38 -0.29 -0.36 0.34 -0.87 0 0
2.86 0.04 0.18 0.5 -1.00 -0.01 -0.06 0.69 0.72 0.01 0 0
-2.31 1.29 1.19 0.5 0.80 -0.44 -0.41 -0.02 -0.12 0.99 0 0
-1.77 -1.35 1.02 0.5 0.72 0.55 -0.42 -0.75 -0.50 -0.44 0 1
1.69 2.48 1.34 0.5 -0.51 -0.75 -0.41 -0.65 0.51 0.57 0 1
1.15 2.81 0.47 0.5 -0.37 -0.91 -0.15 0.31 0.69 0.66 0 1
-0.36 -2.52 2.07 0.5 0.11 0.77 -0.63 -0.60 0.32 -0.74 0 1
0.10 -2.67 -1.04 0.5 -0.04 0.93 0.36 -0.32 -0.91 0.25 0 0
3.23 -0.59 -0.24 0.5 -0.98 0.18 0.07 0.96 -0.26 0.10 0 1
-0.05 3.12 -0.13 0.5 0.02 -1.00 0.04 -0.14 0.56 0.81 0 0
3.03 -0.32 -1.63 0.5 -0.88 0.09 0.47 -0.26 -0.48 0.83 0 1
1.62 -1.29 2.44 0.5 -0.51 0.40 -0.76 0.80 0.13 0.59 0 0
-1.28 1.11 1.18 0.5 0.62 -0.54 -0.57 -0.10 -0.99 0.09 0 0
2.47 -0.20 1.47 0.5 -0.86 0.07 -0.51 0.03 -0.68 0.73 0 1
2.85 2.67 0.67 0.5 -0.72 -0.67 -0.17 0.33 -0.87 -0.36 0 0
-0.68 0.68 3.82 0.5 0.17 -0.17 -0.97 0.90 0.11 -0.42 0 1
-1.82 0.96 -1.48 0.5 0.72 -0.38 0.58 0.39 -0.71 -0.58 0 0
-0.48 0.80 0.77 0.5 0.40 -0.66 -0.64 0.81 -0.04 0.59 0 0
-1.02 -0.97 -0.15 0.5 0.72 0.69 0.11 0.83 -0.48 -0.27 0 0
-0.79 -0.66 -0.31 0.5 0.73 0.61 0.29 -0.62 -0.44 0.65 0 0
1.18 3.40 0.79 0.5 -0.32 -0.92 -0.21 -0.65 -0.24 -0.72 0 0
-0.78 -0.64 0.73 0.5 0.63 0.52 -0.59 -0.62 -0.14 0.77 0 0
-0.94 -0.86 -1.31 0.5 0.52 0.47 0.72 -0.44 0.61 -0.66 0 0
-0.35 -1.62 3.50 0.5 0.09 0.42 -0.90 0.91 -0.40 0.06 0 0
0.74 -0.11 2.68 0.5 -0.27 0.04 -0.96 -0.43 0.89 0.17 0 0
-0.97 -1.08 -1.46 0.5 0.47 0.53 0.71 -0.04 0.05 1.00 0 0
2.30 -1.98 1.46 0.5 -0.68 0.59 -0.43 -0.50 -0.52 0.69 0 0
2.59 -0.73 1.02 0.5 -0.90 0.25 -0.35 -0.51 0.03 -0.86 0 0
1.70 2.10 -1.86 0.5 -0.52 -0.64 0.57 -0.53 -0.79 -0.32 0 1
-0.05 0.98 1.29 0.5 0.03 -0.60 -0.80 -0.28 -0.65 -0.70 0 1
-0.65 0.18 -3.10 0.5 0.20 -0.06 0.98 0.25 -0.61 -0.75 0 0
1.26 -2.89 -2.27 0.5 -0.32 0.74 0.58 -0.30 0.67 -0.68 0 1
-0.39 1.30 1.67 0.5 0.18 -0.60 -0.78 -0.58 0.73 -0.37 0 0
1.83 2.01 0.06 0.5 -0.67 -0.74 -0.02 0.31 0.19 0.93 0 1
-0.66 2.06 1.65 0.5 0.24 -0.76 -0.61 -0.63 0.31 -0.71 0 0
3.05 -1.82 -1.82 0.5 -0.76 0.45 0.46 -0.07 0.58 -0.82 0 1
-1.58 3.22 -1.10 0.5 0.42 -0.86 0.29 0.64 0.72 -0.28 0 1
1.06 -0.88 -2.83 0.5 -0.34 0.28 0.90 -0.24 -0.74 -0.63 0 0
0.56 -0.65 1.92 0.5 -0.27 0.31 -0.91 -0.06 -1.00 -0.06 0 1
0.29 0.89 0.91 0.5 -0.22 -0.68 -0.69 0.57 -0.50 -0.65 0 0
1.85 -2.59 0.61 0.5 -0.57 0.80 -0.19 0.91 -0.36 0.18 0 1
2.36 -1.37 1.17 0.5 -0.79 0.46 -0.39 -0.73 0.52 -0.44 0 1
1.45 1.01 -1.85 0.5 -0.57 -0.39 0.72 0.11 -0.56 0.82 0 1
-1.82 1.53 -2.47 0.5 0.53 -0.45 0.72 0.16 -0.97 0.17 0 1
1.75 2.57 -0.29 0.5 -0.56 -0.82 0.09 0.44 -0.39 -0.81 0 0
-1.78 1.32 0.62 0.5 0.77 -0.57 -0.27 0.51 -0.40 -0.76 0 1
-2.35 -0.18 -0.03 0.5 1.00 0.08 0.01 0.37 0.66 0.66 0 1
2.33 -1.53 -1.83 0.5 -0.70 0.46 0.55 0.44 -0.12 -0.89 0 1
-0.40 -0.85 -1.89 0.5 0.19 0.40 0.90 -0.38 0.44 -0.82 0 1
-1.72 -2.98 -0.83 0.5 0.49 0.84 0.23 0.06 0.51 -0.86 0 1
1.40 0.73 -0.42 0.5 -0.86 -0.45 0.26 0.16 -0.97 0.19 0 0
-1.39 -1.44 1.57 0.5 0.55 0.57 -0.62 -0.03 -0.22 -0.98 0 0
0.57 1.40 -0.93 0.5 -0.32 -0.79 0.52 0.50 -0.68 -0.54 0 0
-0.54 -1.73 0.77 0.5 0.28 0.88 -0.39 -0.46 0.30 0.84 0 1
0.21 2.02 -2.78 0.5 -0.06 -0.59 0.81 0.39 -0.69 -0.61 0 1
2.14 0.03 -1.63 0.5 -0.79 -0.01 0.61 0.96 -0.26 -0.08 0 0
-0.41 1.43 0.41 0.5 0.26 -0.93 -0.26 0.71 0.47 -0.52 0 0
-0.01 -2.87 1.35 0.5 0.00 0.90 -0.43 -0.56 0.69 -0.46 0 1
0.22 2.23 -0.10 0.5 -0.10 -0.99 0.04 -0.17 0.58 -0.80 0 0
-1.67 -0.89 -0.23 0.5 0.88 0.47 0.12 0.43 -0.87 -0.24 0 0
-3.50 -1.15 -0.65 0.5 0.94 0.31 0.17 -0.16 -0.66 0.73 0 1
0.30 -2.76 -1.10 0.5 -0.10 0.92 0.37 0.39 0.89 0.24 0 1
-2.91 -0.97 -0.70 0.5 0.92 0.31 0.22 0.64 0.70 0.32 0 0
2.32 0.47 -1.55 0.5 -0.82 -0.16 0.55 -0.09 -0.21 -0.97 0 1
-0.14 1.81 2.24 0.5 0.05 -0.63 -0.78 0.10 -1.00 0.00 0 1
1.39 -0.32 -2.45 0.5 -0.49 0.11 0.87 -0.63 -0.04 0.78 0 1
1.64 1.90 -2.95 0.5 -0.42 -0.49 0.76 0.21 -0.92 0.33 0 1
2.11 -2.51 -0.77 0.5 -0.63 0.75 0.23 0.68 0.67 0.29 0 0
-0.74 1.58 -0.13 0.5 0.42 -0.90 0.08 -0.84 -0.05 -0.53 0 0
2.45 -0.70 2.46 0.5 -0.69 0.20 -0.69 0.16 0.73 -0.67 0 1
-2.24 -0.05 1.70 0.5 0.80 0.02 -0.60 -0.82 -0.21 0.53 0 0
-2.46 -1.85 -0.84 0.5 0.77 0.58 0.26 -0.80 0.03 0.59 0 0
0.70 -0.70 0.60 0.5 -0.60 0.61 -0.52 -0.08 -0.69 0.72 0 1
2.04 -0.93 -1.11 0.5 -0.82 0.37 0.44 0.23 0.56 -0.80 0 1
-1.38 0.52 0.95 0.5 0.79 -0.30 -0.54 -0.76 -0.12 -0.63 0 0
0.98 -0.56 -2.49 0.5 -0.36 0.20 0.91 0.63 0.67 0.40 0 1
-2.10 -1.93 -1.92 0.5 0.61 0.56 0.56 -0.16 -0.67 -0.73 0 0
-0.71 1.16 0.73 0.5 0.46 -0.75 -0.48 -0.34 0.69 -0.64 0 1
0.63 -2.31 0.90 0.5 -0.25 0.90 -0.35 0.53 -0.06 0.85 0 0
0.49 -1.31 -0.08 0.5 -0.35 0.94 0.06 -0.38 -0.88 0.30 0 0
-1.05 0.54 -3.04 0.5 0.32 -0.16 0.93 0.39 0.92 0.04 0 0
-0.11 1.30 -0.37 0.5 0.08 -0.96 0.28 -0.97 -0.21 0.15 0 1
1.75 -1.42 -1.18 0.5 -0.69 0.56 0.46 -0.75 0.32 0.58 0 1
1.92 -0.40 -1.69 0.5 -0.74 0.15 0.65 -0.23 0.19 -0.95 0 0
-0.55 2.28 -3.00 0.5 0.14 -0.60 0.79 0.20 0.43 -0.88 0 1
-1.19 -0.76 -0.70 0.5 0.75 0.49 0.44 -0.20 0.95 0.23 0 1
-0.38 0.45 1.26 0.5 0.27 -0.33 -0.90 -0.45 -0.77 -0.46 0 0
-0.96 -0.12 0.80 0.5 0.77 0.09 -0.64 -0.27 0.83 -0.49 0 0
-0.88 -0.30 1.00 0.5 0.64 0.22 -0.73 -0.09 -0.25 0.96 0 1
-1.26 -0.56 1.41 0.5 0.64 0.28 -0.71 0.77 0.23 0.59 0 0
-1.15 -0.71 1.20 0.5 0.64 0.39 -0.66 0.45 0.47 -0.76 0 1
2.65 2.51 -0.73 0.5 -0.71 -0.67 0.20 0.57 0.48 -0.66 0 0
-1.09 1.39 0.19 0.5 0.61 -0.78 -0.11 -0.24 0.01 -0.97 0 1
-0.49 0.21 0.97 0.5 0.44 -0.19 -0.88 0.46 0.55 -0.70 0 1
2.79 -1.10 0.40 0.5 -0.92 0.36 -0.13 -0.11 -0.99 0.07 0 0
1.41 -1.11 -0.58 0.5 -0.75 0.59 0.31 -0.49 0.21 -0.85 0 0
-0.21 -1.58 0.05 0.5 0.13 0.99 -0.03 -0.70 0.67 0.24 0 0
2.37 0.39 1.67 0.5 -0.81 -0.13 -0.57 -0.82 -0.34 0.46 0 1
0.59 0.47 0.94 0.5 -0.49 -0.39 -0.78 0.37 0.78 -0.51 0 0
-0.06 -3.78 -0.49 0.5 0.01 0.99 0.13 -0.76 0.19 -0.62 0 0
2.31 -0.87 -2.42 0.5 -0.67 0.25 0.70 -0.57 -0.52 0.64 0 1
1.84 -2.18 -0.82 0.5 -0.62 0.73 0.28 0.29 -0.89 -0.35 0 0
-1.70 1.96 -1.38 0.5 0.58 -0.67 0.47 0.65 -0.19 0.73 0 1
0.15 3.16 0.84 0.5 -0.05 -0.97 -0.26 0.18 0.77 0.61 0 0
-2.85 -2.18 -1.30 0.5 0.75 0.57 0.34 0.24 0.39 0.89 0 1
-2.38 -2.37 -1.10 0.5 0.67 0.67 0.31 0.31 0.09 -0.95 0 0
-1.35 -0.35 0.10 0.5 0.96 0.25 -0.07 0.61 0.51 0.60 0 0
0.79 2.89 -0.21 0.5 -0.26 -0.96 0.07 -0.81 0.58 0.12 0 1
1.52 1.44 1.61 0.5 -0.58 -0.55 -0.61 -0.09 -0.51 -0.85 0 1
-2.48 0.38 -0.03 0.5 0.99 -0.15 0.01 0.00 0.80 -0.60 0 0
0.51 2.11 -0.22 0.5 -0.23 -0.97 0.10 0.72 0.65 0.26 0 1
-0.65 -1.36 0.40 0.5 0.41 0.87 -0.26 -0.44 -0.28 -0.85 0 1
-1.32 2.15 1.63 0.5 0.44 -0.72 -0.54 0.20 -0.72 -0.67 0 0
-0.42 -1.03 0.52 0.5 0.34 0.84 -0.42 0.22 0.50 0.84 0 1
0.80 -1.22 -0.56 0.5 -0.51 0.78 0.36 -0.52 -0.63 -0.58 0 1
0.56 -2.06 -1.03 0.5 -0.24 0.87 0.44 -0.67 0.73 0.12 0 0
1.66 0.83 -1.68 0.5 -0.66 -0.33 0.67 -0.70 -0.71 -0.06 0 0
0.57 1.54 2.07 0.5 -0.22 -0.58 -0.78 0.57 0.78 0.26 0 1
-0.50 -1.28 0.23 0.5 0.36 0.92 -0.17 -0.93 0.36 -0.03 0 0
-0.49 -0.80 1.44 0.5 0.28 0.47 -0.84 -0.65 -0.76 0.07 0 0
1.48 1.00 1.94 0.5 -0.56 -0.38 -0.74 -0.79 -0.55 0.28 0 0
-1.27 3.22 1.73 0.5 0.33 -0.83 -0.45 -0.51 -0.03 -0.86 0 0
-0.50 2.09 -2.28 0.5 0.16 -0.67 0.73 -0.82 0.37 0.44 0 0
2.22 -0.40 -2.97 0.5 -0.59 0.11 0.80 0.64 -0.30 0.71 0 0
1.25 0.22 0.84 0.5 -0.82 -0.15 -0.55 0.69 -0.50 0.53 0 1
1.89 0.23 0.37 0.5 -0.97 -0.12 -0.19 -0.98 -0.17 -0.03 0 1
0.80 2.19 -1.14 0.5 -0.31 -0.84 0.44 0.84 -0.51 -0.16 0 0
0.49 -0.86 -3.74 0.5 -0.13 0.22 0.97 0.81 -0.15 0.56 0 1
-1.57 -1.06 0.14 0.5 0.83 0.56 -0.07 -0.62 0.09 0.78 0 0
-0.39 -0.51 -1.52 0.5 0.23 0.31 0.92 -0.68 0.70 -0.22 0 1
-1.33 -0.04 -0.39 0.5 0.96 0.03 0.28 0.64 -0.60 -0.48 0 0
2.97 -1.69 1.29 0.5 -0.81 0.46 -0.35 -0.70 0.24 -0.67 0 0
-0.55 0.75 3.07 0.5 0.17 -0.23 -0.96 0.82 -0.08 0.57 0 0
0.77 1.70 -1.33 0.5 -0.34 -0.74 0.58 0.51 0.60 0.61 0 1
2.22 -1.94 0.20 0.5 -0.75 0.66 -0.07 0.12 -0.60 -0.79 0 0
-0.06 0.06 2.18 0.5 0.03 -0.03 -1.00 0.27 0.90 0.35 0 1
0.85 -1.92 0.83 0.5 -0.38 0.85 -0.37 0.54 -0.21 0.82 0 0
-1.64 -0.09 -1.09 0.5 0.83 0.05 0.55 0.15 0.50 -0.85 0 0
-0.93 -1.33 1.91 0.5 0.37 0.53 -0.76 0.86 0.46 0.22 0 1
-1.95 -0.22 2.90 0.5 0.56 0.06 -0.83 0.51 0.86 -0.03 0 0
0.81 0.79 1.88 0.5 -0.37 -0.36 -0.86 -0.79 0.04 -0.61 0 0
0.75 -3.52 0.53 0.5 -0.21 0.97 -0.15 0.78 -0.58 0.22 0 0
0.75 2.08 0.27 0.5 -0.34 -0.93 -0.12 -0.73 -0.60 -0.33 0 0
3.57 -1.43 0.29 0.5 -0.93 0.37 -0.08 0.05 -0.50 -0.86 0 1
1.10 1.11 0.75 0.5 -0.63 -0.64 -0.43 -0.15 -0.74 0.66 0 0
-1.75 1.14 2.54 0.5 0.53 -0.35 -0.77 0.76 0.62 -0.20 0 1
0.25 0.86 -2.57 0.5 -0.09 -0.32 0.94 -0.54 0.46 0.70 0 1
2.87 -1.53 -1.69 0.5 -0.78 0.42 0.46 0.66 -0.16 -0.73 0 1
0.90 0.03 -3.32 0.5 -0.26 -0.01 0.97 -0.30 -0.48 -0.83 0 0
1.51 2.05 0.83 0.5 -0.56 -0.77 -0.31 0.35 -0.84 -0.42 0 0
0.38 -2.79 -0.68 0.5 -0.13 0.96 0.23 -0.54 0.30 0.79 0 0
-2.90 -0.31 -0.07 0.5 0.99 0.11 0.02 0.92 0.29 -0.26 0 1
-2.11 2.45 0.41 0.5 0.65 -0.75 -0.13 -0.70 -0.41 0.58 0 1
0.90 -0.15 1.25 0.5 -0.58 0.10 -0.81 0.19 0.15 0.97 0 1
0.33 -0.57 -0.88 0.5 -0.30 0.51 0.80 0.03 0.68 0.73 0 1
-1.35 -1.55 0.73 0.5 0.62 0.71 -0.33 -0.56 -0.62 0.55 0 1
-3.09 -1.96 -0.50 0.5 0.84 0.53 0.14 -0.16 0.41 0.90 0 0
1.92 -2.36 0.80 0.5 -0.61 0.75 -0.25 -0.26 0.74 -0.62 0 1
-3.08 1.04 -2.07 0.5 0.80 -0.27 0.54 -0.47 -0.57 0.68 0 0
2.18 -0.87 1.32 0.5 -0.81 0.32 -0.49 0.48 0.62 -0.62 0 1
1.68 -2.43 -2.45 0.5 -0.44 0.63 0.64 0.92 -0.28 -0.28 0 0
-0.78 3.24 -0.07 0.5 0.23 -0.97 0.02 0.62 0.60 -0.50 0 0
-2.54 -1.57 -0.75 0.5 0.83 0.51 0.24 -0.91 0.16 -0.38 0 1
-0.26 -3.42 -0.49 0.5 0.07 0.99 0.14 -0.49 0.21 0.85 0 1
-1.07 -0.38 -0.32 0.5 0.91 0.32 0.27 0.13 0.74 -0.66 0 1
-0.44 3.66 -1.18 0.5 0.11 -0.95 0.31 0.02 -0.48 0.88 0 1
0.34 0.61 -3.69 0.5 -0.09 -0.16 0.98 -0.73 -0.33 -0.60 0 1
0.59 -3.02 0.18 0.5 -0.19 0.98 -0.06 -0.18 0.61 -0.77 0 0
2.91 -2.21 0.60 0.5 -0.79 0.60 -0.16 0.59 -0.27 -0.76 0 0
0.31 3.67 -0.86 0.5 -0.08 -0.97 0.23 0.40 -0.72 0.57 0 0
0.54 2.53 1.64 0.5 -0.18 -0.83 -0.53 0.42 0.67 0.61 0 1
0.17 1.10 -0.19 0.5 -0.15 -0.97 0.17 0.90 0.33 0.28 0 1
-2.60 -2.16 0.18 0.5 0.77 0.64 -0.05 0.37 0.85 0.37 0 0
0.90 0.37 0.74 0.5 -0.74 -0.30 -0.60 0.94 -0.23 -0.24 0 1
0.65 0.24 -1.78 0.5 -0.34 -0.12 0.93 0.84 0.10 0.53 0 1
0.64 1.64 -1.64 0.5 -0.27 -0.68 0.68 0.19 0.37 -0.91 0 0
-0.73 2.31 -2.58 0.5 0.21 -0.65 0.73 0.87 -0.09 0.49 0 1
0.31 -0.75 -0.84 0.5 -0.27 0.64 0.72 0.78 0.55 -0.29 0 1
-2.83 -1.33 -0.91 0.5 0.87 0.41 0.28 0.49 -0.52 0.70 0 1
3.93 -0.04 0.53 0.5 -0.99 0.01 -0.13 -0.64 0.71 -0.28 0 0
-0.49 0.34 -1.21 0.5 0.36 -0.25 0.90 -0.92 -0.38 0.04 0 0
-2.06 -0.40 0.21 0.5 0.98 0.19 -0.10 -0.48 0.83 -0.27 0 1
1.43 -0.27 0.94 0.5 -0.83 0.16 -0.54 -0.43 -0.66 0.61 0 1
-2.68 2.69 -1.13 0.5 0.68 -0.68 0.28 0.14 0.89 -0.43 0 1
-2.78 -1.19 -0.67 0.5 0.90 0.38 0.21 -0.32 0.77 -0.55 0 0
1.20 1.20 1.30 0.5 -0.56 -0.56 -0.61 -0.60 0.50 0.62 0 1
-1.66 0.48 1.55 0.5 0.72 -0.21 -0.67 0.55 0.18 0.82 0 1
1.08 2.94 -1.11 0.5 -0.33 -0.88 0.33 0.05 -0.77 0.64 0 0
2.01 -2.29 0.41 0.5 -0.65 0.75 -0.13 -0.32 -0.36 -0.88 0 0
-2.00 0.47 -2.66 0.5 0.60 -0.14 0.79 0.25 0.52 0.81 0 0
3.46 -1.54 0.48 0.5 -0.91 0.40 -0.12 0.82 -0.57 0.03 0 1
2.18 -1.42 1.19 0.5 -0.76 0.50 -0.42 0.84 -0.40 -0.37 0 0
-1.46 -1.16 0.98 0.5 0.69 0.55 -0.46 -0.64 -0.63 -0.44 0 1
-0.07 2.50 2.85 0.5 0.02 -0.66 -0.75 -0.46 -0.26 -0.85 0 1
0.74 -0.08 1.15 0.5 -0.54 0.06 -0.84 -0.25 -0.82 0.51 0 0
0.36 -1.13 -1.95 0.5 -0.16 0.50 0.85 0.62 0.58 -0.52 0 1
-1.74 -0.48 0.82 0.5 0.88 0.24 -0.41 -0.68 0.20 -0.70 0 1
0.27 1.67 0.68 0.5 -0.15 -0.92 -0.37 -0.25 -0.78 0.57 0 1
2.22 0.25 2.38 0.5 -0.68 -0.08 -0.73 0.87 0.47 0.11 0 0
-1.23 0.45 -1.54 0.5 0.61 -0.22 0.76 0.60 0.04 -0.80 0 1
-1.13 0.30 0.25 0.5 0.95 -0.25 -0.21 -0.19 -0.83 0.53 0 1
0.51 -0.44 2.31 0.5 -0.21 0.18 -0.96 0.73 -0.57 0.38 0 0
-0.78 0.62 2.28 0.5 0.31 -0.25 -0.92 0.93 0.29 -0.21 0 0
0.38 -1.60 0.58 0.5 -0.22 0.92 -0.33 0.11 -0.59 -0.80 0 1
-2.32 0.45 -0.30 0.5 0.97 -0.19 0.12 -0.25 -0.91 -0.34 0 1
1.94 -1.35 0.19 0.5 -0.82 0.57 -0.08 -0.72 -0.12 0.69 0 1
-2.35 2.52 0.28 0.5 0.68 -0.73 -0.08 -0.31 -0.83 -0.47 0 0
-0.75 -1.86 -0.03 0.5 0.37 0.93 0.02 0.33 0.63 -0.70 0 1
-2.23 0.06 2.07 0.5 0.73 -0.02 -0.68 -0.80 -0.54 0.25 0 1
1.93 -1.75 -2.07 0.5 -0.58 0.53 0.62 -0.85 -0.28 0.45 0 1
1.01 2.07 0.20 0.5 -0.44 -0.89 -0.09 -0.24 0.88 0.41 0 1
-0.51 -2.32 0.44 0.5 0.21 0.96 -0.18 -0.58 -0.43 -0.69 0 0
1.58 -0.93 1.28 0.5 -0.71 0.42 -0.57 0.66 -0.08 0.75 0 0
0.72 2.58 -2.47 0.5 -0.20 -0.71 0.68 -0.30 0.61 0.73 0 0
-3.43 0.80 0.11 0.5 0.97 -0.23 -0.03 0.67 -0.11 0.73 0 0
-1.54 -2.36 0.56 0.5 0.54 0.82 -0.19 -0.85 0.49 -0.21 0 0
0.78 -1.64 0.39 0.5 -0.42 0.88 -0.21 -0.65 -0.63 0.42 0 1
1.70 -0.94 -1.99 0.5 -0.61 0.34 0.72 -0.53 0.26 0.81 0 0
-0.05 -1.67 -2.00 0.5 0.02 0.64 0.77 -0.04 0.72 -0.70 0 1
1.05 0.77 -1.51 0.5 -0.53 -0.38 0.76 -0.01 -0.43 0.90 0 1
-3.70 -0.85 0.14 0.5 0.97 0.22 -0.04 -0.86 0.51 -0.04 0 0
-0.50 0.52 1.64 0.5 0.28 -0.29 -0.92 -0.65 -0.61 -0.45 0 0
-0.62 0.42 -0.84 0.5 0.55 -0.37 0.74 0.16 -0.73 -0.66 0 0
0.83 2.30 1.38 0.5 -0.29 -0.82 -0.49 -0.55 -0.49 0.68 0 1
0.67 -2.51 1.96 0.5 -0.21 0.77 -0.60 0.94 0.17 -0.29 0 0
0.00 0.48 -2.30 0.5 -0.00 -0.20 0.98 0.41 -0.58 -0.70 0 0
0.05 1.32 0.17 0.5 -0.04 -0.99 -0.13 -0.47 -0.24 0.85 0 0
1.69 -2.12 -0.96 0.5 -0.59 0.74 0.33 -0.58 0.68 0.44 0 0
-1.88 -2.91 -0.80 0.5 0.53 0.82 0.22 -0.41 -0.30 -0.86 0 1
0.46 -1.30 1.82 0.5 -0.20 0.57 -0.80 0.12 0.29 0.95 0 1
2.12 -0.82 -0.60 0.5 -0.90 0.35 0.25 -0.50 -0.34 0.79 0 1
0.10 -1.23 1.70 0.5 -0.05 0.58 -0.81 0.82 0.13 0.56 0 0
1.15 1.73 0.03 0.5 -0.55 -0.83 -0.01 -0.33 -0.59 -0.74 0 1
2.14 0.63 -0.53 0.5 -0.93 -0.27 0.23 0.35 -0.65 -0.67 0 0
-0.16 -1.53 -0.39 0.5 0.10 0.96 0.25 -0.58 0.71 0.41 0 1
1.17 0.45 -0.04 0.5 -0.93 -0.36 0.03 -0.55 -0.01 -0.84 0 1
-1.31 0.20 -0.30 0.5 0.96 -0.15 0.22 -0.12 0.60 0.79 0 0
-1.40 1.18 -1.30 0.5 0.62 -0.52 0.58 0.38 0.42 -0.82 0 1
